5.0000000e+00 1.7020693e-20
5.0126885e+00 1.6582748e-20
5.0254091e+00 1.6159219e-20
5.0381621e+00 1.5749866e-20
5.0509474e+00 1.5354480e-20
5.0637651e+00 1.4972894e-20
5.0766154e+00 1.4604977e-20
5.0894983e+00 1.4250647e-20
5.1024139e+00 1.3909873e-20
5.1153623e+00 1.3582685e-20
5.1283435e+00 1.3269183e-20
5.1413577e+00 1.2969551e-20
5.1544049e+00 1.2684073e-20
5.1674852e+00 1.2413153e-20
5.1805986e+00 1.2157339e-20
5.1937454e+00 1.1917364e-20
5.2069256e+00 1.1694184e-20
5.2201391e+00 1.1489041e-20
5.2333862e+00 1.1303539e-20
5.2466670e+00 1.1139756e-20
5.2599814e+00 1.1000384e-20
5.2733296e+00 1.0888938e-20
5.2867117e+00 1.0810039e-20
5.3001278e+00 1.0769833e-20
5.3135779e+00 1.0776597e-20
5.3270621e+00 1.0841666e-20
5.3405806e+00 1.0980860e-20
5.3541333e+00 1.1216791e-20
5.3677205e+00 1.1582725e-20
5.3813421e+00 1.2129385e-20
5.3949983e+00 1.2937708e-20
5.4086891e+00 1.4144707e-20
5.4224147e+00 1.6001505e-20
5.4361752e+00 1.9022711e-20
5.4499705e+00 2.4455281e-20
5.4638009e+00 3.6307091e-20
5.4776663e+00 7.8525230e-20
5.4915670e+00 3.1153007e-19
5.5055029e+00 5.0332015e-20
5.5194741e+00 2.7162674e-20
5.5334809e+00 1.8639989e-20
5.5475232e+00 1.4276583e-20
5.5616011e+00 1.1657290e-20
5.5757147e+00 9.9265570e-21
5.5898642e+00 8.7052425e-21
5.6040495e+00 7.8001671e-21
5.6182709e+00 7.1030482e-21
5.6325283e+00 6.5488393e-21
5.6468220e+00 6.0963595e-21
5.6611519e+00 5.7184387e-21
5.6755181e+00 5.3965411e-21
5.6899209e+00 5.1176644e-21
5.7043601e+00 4.8724698e-21
5.7188361e+00 4.6541103e-21
5.7333487e+00 4.4574745e-21
5.7478982e+00 4.2786844e-21
5.7624846e+00 4.1147542e-21
5.7771080e+00 3.9633544e-21
5.7917685e+00 3.8226448e-21
5.8064663e+00 3.6911550e-21
5.8212013e+00 3.5676977e-21
5.8359737e+00 3.4513040e-21
5.8507836e+00 3.3411761e-21
5.8656311e+00 3.2366509e-21
5.8805163e+00 3.1371727e-21
5.8954393e+00 3.0422716e-21
5.9104001e+00 2.9515475e-21
5.9253989e+00 2.8646570e-21
5.9404357e+00 2.7813033e-21
5.9555107e+00 2.7012279e-21
5.9706240e+00 2.6242045e-21
5.9857756e+00 2.5500335e-21
6.0009657e+00 2.4785376e-21
6.0161943e+00 2.4095591e-21
6.0314615e+00 2.3429561e-21
6.0467675e+00 2.2786008e-21
6.0621124e+00 2.2163775e-21
6.0774962e+00 2.1561805e-21
6.0929190e+00 2.0979136e-21
6.1083809e+00 2.0414881e-21
6.1238821e+00 1.9868223e-21
6.1394227e+00 1.9338406e-21
6.1550026e+00 1.8824730e-21
6.1706222e+00 1.8326539e-21
6.1862813e+00 1.7843223e-21
6.2019802e+00 1.7374210e-21
6.2177189e+00 1.6918962e-21
6.2334976e+00 1.6476972e-21
6.2493163e+00 1.6047763e-21
6.2651751e+00 1.5630881e-21
6.2810742e+00 1.5225899e-21
6.2970137e+00 1.4832410e-21
6.3129936e+00 1.4450026e-21
6.3290140e+00 1.4078378e-21
6.3450751e+00 1.3717116e-21
6.3611770e+00 1.3365904e-21
6.3773197e+00 1.3024419e-21
6.3935034e+00 1.2692355e-21
6.4097281e+00 1.2369416e-21
6.4259940e+00 1.2055321e-21
6.4423012e+00 1.1749797e-21
6.4586498e+00 1.1452583e-21
6.4750399e+00 1.1163428e-21
6.4914716e+00 1.0882091e-21
6.5079449e+00 1.0608340e-21
6.5244601e+00 1.0341948e-21
6.5410172e+00 1.0082701e-21
6.5576163e+00 9.8303900e-22
6.5742575e+00 9.5848128e-22
6.5909409e+00 9.3457752e-22
6.6076667e+00 9.1130890e-22
6.6244350e+00 8.8865727e-22
6.6412457e+00 8.6660504e-22
6.6580992e+00 8.4513521e-22
6.6749954e+00 8.2423133e-22
6.6919345e+00 8.0387748e-22
6.7089166e+00 7.8405824e-22
6.7259418e+00 7.6475867e-22
6.7430101e+00 7.4596431e-22
6.7601218e+00 7.2766114e-22
6.7772769e+00 7.0983557e-22
6.7944756e+00 6.9247443e-22
6.8117179e+00 6.7556495e-22
6.8290039e+00 6.5909473e-22
6.8463339e+00 6.4305177e-22
6.8637078e+00 6.2742439e-22
6.8811257e+00 6.1220130e-22
6.8985879e+00 5.9737152e-22
6.9160944e+00 5.8292437e-22
6.9336454e+00 5.6884954e-22
6.9512408e+00 5.5513696e-22
6.9688809e+00 5.4177688e-22
6.9865658e+00 5.2875985e-22
7.0042956e+00 5.1607664e-22
7.0220703e+00 5.0371834e-22
7.0398902e+00 4.9167626e-22
7.0577553e+00 4.7994197e-22
7.0756657e+00 4.6850727e-22
7.0936216e+00 4.5736420e-22
7.1116230e+00 4.4650502e-22
7.1296701e+00 4.3592220e-22
7.1477631e+00 4.2560845e-22
7.1659019e+00 4.1555665e-22
7.1840868e+00 4.0575989e-22
7.2023178e+00 3.9621145e-22
7.2205950e+00 3.8690481e-22
7.2389187e+00 3.7783362e-22
7.2572888e+00 3.6899169e-22
7.2757056e+00 3.6037303e-22
7.2941691e+00 3.5197179e-22
7.3126795e+00 3.4378230e-22
7.3312368e+00 3.3579903e-22
7.3498413e+00 3.2801660e-22
7.3684929e+00 3.2042978e-22
7.3871919e+00 3.1303350e-22
7.4059383e+00 3.0582280e-22
7.4247323e+00 2.9879286e-22
7.4435740e+00 2.9193901e-22
7.4624635e+00 2.8525669e-22
7.4814010e+00 2.7874145e-22
7.5003865e+00 2.7238900e-22
7.5194202e+00 2.6619511e-22
7.5385021e+00 2.6015571e-22
7.5576325e+00 2.5426683e-22
7.5768115e+00 2.4852457e-22
7.5960391e+00 2.4292519e-22
7.6153155e+00 2.3746501e-22
7.6346409e+00 2.3214045e-22
7.6540153e+00 2.2694804e-22
7.6734388e+00 2.2188441e-22
7.6929116e+00 2.1694624e-22
7.7124339e+00 2.1213034e-22
7.7320057e+00 2.0743359e-22
7.7516271e+00 2.0285293e-22
7.7712984e+00 1.9838541e-22
7.7910196e+00 1.9402815e-22
7.8107908e+00 1.8977835e-22
7.8306122e+00 1.8563325e-22
7.8504839e+00 1.8159021e-22
7.8704060e+00 1.7764663e-22
7.8903787e+00 1.7379998e-22
7.9104020e+00 1.7004781e-22
7.9304762e+00 1.6638772e-22
7.9506013e+00 1.6281737e-22
7.9707775e+00 1.5933450e-22
7.9910049e+00 1.5593688e-22
8.0112836e+00 1.5262237e-22
8.0316138e+00 1.4938886e-22
8.0519956e+00 1.4623431e-22
8.0724291e+00 1.4315671e-22
8.0929144e+00 1.4015414e-22
8.1134518e+00 1.3722469e-22
8.1340412e+00 1.3436652e-22
8.1546829e+00 1.3157783e-22
8.1753770e+00 1.2885688e-22
8.1961236e+00 1.2620196e-22
8.2169229e+00 1.2361140e-22
8.2377749e+00 1.2108359e-22
8.2586799e+00 1.1861695e-22
8.2796378e+00 1.1620993e-22
8.3006490e+00 1.1386104e-22
8.3217135e+00 1.1156882e-22
8.3428315e+00 1.0933185e-22
8.3640030e+00 1.0714873e-22
8.3852283e+00 1.0501811e-22
8.4065075e+00 1.0293868e-22
8.4278406e+00 1.0090914e-22
8.4492279e+00 9.8928254e-23
8.4706694e+00 9.6994790e-23
8.4921654e+00 9.5107560e-23
8.5137159e+00 9.3265404e-23
8.5353211e+00 9.1467189e-23
8.5569811e+00 8.9711814e-23
8.5786961e+00 8.7998203e-23
8.6004662e+00 8.6325308e-23
8.6222916e+00 8.4692106e-23
8.6441723e+00 8.3097602e-23
8.6661086e+00 8.1540824e-23
8.6881005e+00 8.0020824e-23
8.7101482e+00 7.8536680e-23
8.7322519e+00 7.7087491e-23
8.7544117e+00 7.5672379e-23
8.7766277e+00 7.4290488e-23
8.7989001e+00 7.2940983e-23
8.8212290e+00 7.1623051e-23
8.8436146e+00 7.0335898e-23
8.8660570e+00 6.9078750e-23
8.8885563e+00 6.7850854e-23
8.9111127e+00 6.6651472e-23
8.9337264e+00 6.5479889e-23
8.9563975e+00 6.4335404e-23
8.9791261e+00 6.3217336e-23
9.0019123e+00 6.2125019e-23
9.0247564e+00 6.1057805e-23
9.0476585e+00 6.0015062e-23
9.0706187e+00 5.8996173e-23
9.0936371e+00 5.8000537e-23
9.1167140e+00 5.7027567e-23
9.1398494e+00 5.6076693e-23
9.1630435e+00 5.5147358e-23
9.1862965e+00 5.4239016e-23
9.2096085e+00 5.3351140e-23
9.2329797e+00 5.2483212e-23
9.2564102e+00 5.1634730e-23
9.2799001e+00 5.0805201e-23
9.3034497e+00 4.9994147e-23
9.3270590e+00 4.9201103e-23
9.3507282e+00 4.8425612e-23
9.3744575e+00 4.7667231e-23
9.3982470e+00 4.6925529e-23
9.4220968e+00 4.6200084e-23
9.4460072e+00 4.5490485e-23
9.4699783e+00 4.4796331e-23
9.4940102e+00 4.4117233e-23
9.5181031e+00 4.3452811e-23
9.5422571e+00 4.2802693e-23
9.5664724e+00 4.2166518e-23
9.5907492e+00 4.1543935e-23
9.6150876e+00 4.0934600e-23
9.6394877e+00 4.0338180e-23
9.6639498e+00 3.9754347e-23
9.6884739e+00 3.9182786e-23
9.7130603e+00 3.8623187e-23
9.7377091e+00 3.8075248e-23
9.7624204e+00 3.7538677e-23
9.7871944e+00 3.7013187e-23
9.8120313e+00 3.6498499e-23
9.8369313e+00 3.5994343e-23
9.8618944e+00 3.5500454e-23
9.8869209e+00 3.5016575e-23
9.9120108e+00 3.4542455e-23
9.9371645e+00 3.4077850e-23
9.9623820e+00 3.3622523e-23
9.9876634e+00 3.3176241e-23
1.0013009e+01 3.2738813e-23
1.0038419e+01 3.2310201e-23
1.0063893e+01 3.1890199e-23
1.0089433e+01 3.1478578e-23
1.0115036e+01 3.1075114e-23
1.0140705e+01 3.0679592e-23
1.0166439e+01 3.0291801e-23
1.0192239e+01 2.9911538e-23
1.0218103e+01 2.9538603e-23
1.0244034e+01 2.9172805e-23
1.0270030e+01 2.8813957e-23
1.0296092e+01 2.8461879e-23
1.0322220e+01 2.8116394e-23
1.0348415e+01 2.7777331e-23
1.0374676e+01 2.7444526e-23
1.0401004e+01 2.7117818e-23
1.0427399e+01 2.6797051e-23
1.0453860e+01 2.6482073e-23
1.0480389e+01 2.6172739e-23
1.0506985e+01 2.5868905e-23
1.0533648e+01 2.5570435e-23
1.0560379e+01 2.5277193e-23
1.0587178e+01 2.4989050e-23
1.0614045e+01 2.4705880e-23
1.0640981e+01 2.4427560e-23
1.0667984e+01 2.4153973e-23
1.0695056e+01 2.3885002e-23
1.0722197e+01 2.3620537e-23
1.0749407e+01 2.3360468e-23
1.0776685e+01 2.3104692e-23
1.0804033e+01 2.2853106e-23
1.0831451e+01 2.2605611e-23
1.0858938e+01 2.2362111e-23
1.0886494e+01 2.2122513e-23
1.0914121e+01 2.1886727e-23
1.0941818e+01 2.1654665e-23
1.0969584e+01 2.1426242e-23
1.0997422e+01 2.1201376e-23
1.1025330e+01 2.0979986e-23
1.1053309e+01 2.0761995e-23
1.1081359e+01 2.0547327e-23
1.1109480e+01 2.0335909e-23
1.1137672e+01 2.0127669e-23
1.1165936e+01 1.9922540e-23
1.1194272e+01 1.9720453e-23
1.1222680e+01 1.9521343e-23
1.1251159e+01 1.9325148e-23
1.1279711e+01 1.9131806e-23
1.1308336e+01 1.8941257e-23
1.1337033e+01 1.8753443e-23
1.1365803e+01 1.8568308e-23
1.1394646e+01 1.8385797e-23
1.1423562e+01 1.8205857e-23
1.1452551e+01 1.8028436e-23
1.1481615e+01 1.7853484e-23
1.1510751e+01 1.7680951e-23
1.1539962e+01 1.7510792e-23
1.1569247e+01 1.7342958e-23
1.1598606e+01 1.7177406e-23
1.1628040e+01 1.7014091e-23
1.1657548e+01 1.6852971e-23
1.1687132e+01 1.6694004e-23
1.1716790e+01 1.6537150e-23
1.1746524e+01 1.6382370e-23
1.1776333e+01 1.6229626e-23
1.1806217e+01 1.6078879e-23
1.1836178e+01 1.5930095e-23
1.1866214e+01 1.5783237e-23
1.1896327e+01 1.5638272e-23
1.1926517e+01 1.5495165e-23
1.1956782e+01 1.5353883e-23
1.1987125e+01 1.5214396e-23
1.2017545e+01 1.5076672e-23
1.2048042e+01 1.4940680e-23
1.2078616e+01 1.4806391e-23
1.2109268e+01 1.4673775e-23
1.2139997e+01 1.4542806e-23
1.2170805e+01 1.4413455e-23
1.2201691e+01 1.4285695e-23
1.2232655e+01 1.4159501e-23
1.2263697e+01 1.4034846e-23
1.2294819e+01 1.3911705e-23
1.2326019e+01 1.3790055e-23
1.2357299e+01 1.3669871e-23
1.2388658e+01 1.3551130e-23
1.2420097e+01 1.3433809e-23
1.2451615e+01 1.3317885e-23
1.2483214e+01 1.3203338e-23
1.2514892e+01 1.3090145e-23
1.2546651e+01 1.2978285e-23
1.2578491e+01 1.2867739e-23
1.2610411e+01 1.2758486e-23
1.2642412e+01 1.2650507e-23
1.2674495e+01 1.2543782e-23
1.2706659e+01 1.2438293e-23
1.2738904e+01 1.2334022e-23
1.2771232e+01 1.2230949e-23
1.2803641e+01 1.2129059e-23
1.2836133e+01 1.2028333e-23
1.2868707e+01 1.1928754e-23
1.2901364e+01 1.1830306e-23
1.2934104e+01 1.1732973e-23
1.2966927e+01 1.1636738e-23
1.2999833e+01 1.1541587e-23
1.3032822e+01 1.1447503e-23
1.3065896e+01 1.1354471e-23
1.3099053e+01 1.1262478e-23
1.3132294e+01 1.1171507e-23
1.3165620e+01 1.1081546e-23
1.3199030e+01 1.0992580e-23
1.3232525e+01 1.0904595e-23
1.3266105e+01 1.0817578e-23
1.3299771e+01 1.0731515e-23
1.3333521e+01 1.0646394e-23
1.3367358e+01 1.0562202e-23
1.3401280e+01 1.0478927e-23
1.3435288e+01 1.0396555e-23
1.3469383e+01 1.0315076e-23
1.3503564e+01 1.0234476e-23
1.3537832e+01 1.0154745e-23
1.3572187e+01 1.0075870e-23
1.3606629e+01 9.9978412e-24
1.3641159e+01 9.9206465e-24
1.3675776e+01 9.8442753e-24
1.3710481e+01 9.7687168e-24
1.3745274e+01 9.6939603e-24
1.3780155e+01 9.6199955e-24
1.3815125e+01 9.5468122e-24
1.3850183e+01 9.4744003e-24
1.3885331e+01 9.4027498e-24
1.3920567e+01 9.3318509e-24
1.3955894e+01 9.2616942e-24
1.3991309e+01 9.1922701e-24
1.4026815e+01 9.1235693e-24
1.4062411e+01 9.0555826e-24
1.4098097e+01 8.9883011e-24
1.4133874e+01 8.9217158e-24
1.4169741e+01 8.8558179e-24
1.4205699e+01 8.7905989e-24
1.4241749e+01 8.7260503e-24
1.4277890e+01 8.6621637e-24
1.4314123e+01 8.5989309e-24
1.4350448e+01 8.5363437e-24
1.4386865e+01 8.4743941e-24
1.4423375e+01 8.4130743e-24
1.4459977e+01 8.3523765e-24
1.4496672e+01 8.2922930e-24
1.4533460e+01 8.2328164e-24
1.4570341e+01 8.1739391e-24
1.4607316e+01 8.1156538e-24
1.4644385e+01 8.0579534e-24
1.4681548e+01 8.0008306e-24
1.4718805e+01 7.9442785e-24
1.4756157e+01 7.8882902e-24
1.4793604e+01 7.8328588e-24
1.4831145e+01 7.7779776e-24
1.4868782e+01 7.7236400e-24
1.4906515e+01 7.6698393e-24
1.4944343e+01 7.6165693e-24
1.4982267e+01 7.5638235e-24
1.5020288e+01 7.5115956e-24
1.5058404e+01 7.4598794e-24
1.5096618e+01 7.4086689e-24
1.5134929e+01 7.3579581e-24
1.5173336e+01 7.3077409e-24
1.5211842e+01 7.2580115e-24
1.5250445e+01 7.2087642e-24
1.5289146e+01 7.1599932e-24
1.5327945e+01 7.1116930e-24
1.5366842e+01 7.0638579e-24
1.5405839e+01 7.0164825e-24
1.5444934e+01 6.9695614e-24
1.5484129e+01 6.9230893e-24
1.5523423e+01 6.8770609e-24
1.5562816e+01 6.8314711e-24
1.5602310e+01 6.7863146e-24
1.5641904e+01 6.7415865e-24
1.5681598e+01 6.6972817e-24
1.5721393e+01 6.6533954e-24
1.5761289e+01 6.6099227e-24
1.5801287e+01 6.5668587e-24
1.5841385e+01 6.5241989e-24
1.5881586e+01 6.4819384e-24
1.5921889e+01 6.4400728e-24
1.5962294e+01 6.3985974e-24
1.6002801e+01 6.3575077e-24
1.6043411e+01 6.3167994e-24
1.6084124e+01 6.2764681e-24
1.6124941e+01 6.2365094e-24
1.6165861e+01 6.1969191e-24
1.6206885e+01 6.1576930e-24
1.6248013e+01 6.1188269e-24
1.6289246e+01 6.0803168e-24
1.6330583e+01 6.0421585e-24
1.6372025e+01 6.0043482e-24
1.6413572e+01 5.9668818e-24
1.6455225e+01 5.9297556e-24
1.6496983e+01 5.8929655e-24
1.6538847e+01 5.8565079e-24
1.6580818e+01 5.8203791e-24
1.6622895e+01 5.7845752e-24
1.6665079e+01 5.7490927e-24
1.6707369e+01 5.7139280e-24
1.6749768e+01 5.6790774e-24
1.6792273e+01 5.6445376e-24
1.6834887e+01 5.6103051e-24
1.6877609e+01 5.5763763e-24
1.6920439e+01 5.5427480e-24
1.6963378e+01 5.5094168e-24
1.7006426e+01 5.4763794e-24
1.7049583e+01 5.4436326e-24
1.7092849e+01 5.4111732e-24
1.7136226e+01 5.3789979e-24
1.7179712e+01 5.3471037e-24
1.7223309e+01 5.3154875e-24
1.7267017e+01 5.2841462e-24
1.7310835e+01 5.2530769e-24
1.7354765e+01 5.2222765e-24
1.7398806e+01 5.1917420e-24
1.7442959e+01 5.1614708e-24
1.7487223e+01 5.1314597e-24
1.7531601e+01 5.1017061e-24
1.7576091e+01 5.0722071e-24
1.7620693e+01 5.0429600e-24
1.7665409e+01 5.0139621e-24
1.7710239e+01 4.9852106e-24
1.7755182e+01 4.9567029e-24
1.7800239e+01 4.9284365e-24
1.7845410e+01 4.9004087e-24
1.7890697e+01 4.8726169e-24
1.7936098e+01 4.8450587e-24
1.7981614e+01 4.8177315e-24
1.8027246e+01 4.7906330e-24
1.8072994e+01 4.7637605e-24
1.8118857e+01 4.7371119e-24
1.8164837e+01 4.7106847e-24
1.8210934e+01 4.6844765e-24
1.8257148e+01 4.6584851e-24
1.8303479e+01 4.6327081e-24
1.8349928e+01 4.6071434e-24
1.8396494e+01 4.5817887e-24
1.8443179e+01 4.5566417e-24
1.8489982e+01 4.5317004e-24
1.8536904e+01 4.5069626e-24
1.8583945e+01 4.4824262e-24
1.8631105e+01 4.4580891e-24
1.8678385e+01 4.4339491e-24
1.8725785e+01 4.4100044e-24
1.8773305e+01 4.3862529e-24
1.8820946e+01 4.3626925e-24
1.8868708e+01 4.3393214e-24
1.8916591e+01 4.3161375e-24
1.8964596e+01 4.2931390e-24
1.9012722e+01 4.2703240e-24
1.9060970e+01 4.2476907e-24
1.9109341e+01 4.2252371e-24
1.9157835e+01 4.2029614e-24
1.9206452e+01 4.1808619e-24
1.9255192e+01 4.1589368e-24
1.9304056e+01 4.1371843e-24
1.9353043e+01 4.1156027e-24
1.9402155e+01 4.0941902e-24
1.9451392e+01 4.0729453e-24
1.9500754e+01 4.0518662e-24
1.9550241e+01 4.0309512e-24
1.9599853e+01 4.0101987e-24
1.9649592e+01 3.9896072e-24
1.9699456e+01 3.9691750e-24
1.9749448e+01 3.9489006e-24
1.9799566e+01 3.9287824e-24
1.9849811e+01 3.9088189e-24
1.9900184e+01 3.8890085e-24
1.9950684e+01 3.8693498e-24
2.0001313e+01 3.8498413e-24
2.0052070e+01 3.8304816e-24
2.0102956e+01 3.8112691e-24
2.0153971e+01 3.7922025e-24
2.0205116e+01 3.7732803e-24
2.0256390e+01 3.7545012e-24
2.0307795e+01 3.7358639e-24
2.0359330e+01 3.7173668e-24
2.0410995e+01 3.6990088e-24
2.0462792e+01 3.6807884e-24
2.0514721e+01 3.6627044e-24
2.0566781e+01 3.6447554e-24
2.0618973e+01 3.6269403e-24
2.0671297e+01 3.6092577e-24
2.0723755e+01 3.5917064e-24
2.0776345e+01 3.5742851e-24
2.0829069e+01 3.5569927e-24
2.0881927e+01 3.5398279e-24
2.0934919e+01 3.5227895e-24
2.0988046e+01 3.5058764e-24
2.1041307e+01 3.4890874e-24
2.1094703e+01 3.4724214e-24
2.1148235e+01 3.4558772e-24
2.1201903e+01 3.4394537e-24
2.1255707e+01 3.4231498e-24
2.1309647e+01 3.4069644e-24
2.1363725e+01 3.3908965e-24
2.1417939e+01 3.3749449e-24
2.1472291e+01 3.3591086e-24
2.1526781e+01 3.3433865e-24
2.1581410e+01 3.3277777e-24
2.1636177e+01 3.3122811e-24
2.1691083e+01 3.2968957e-24
2.1746128e+01 3.2816204e-24
2.1801313e+01 3.2664544e-24
2.1856638e+01 3.2513967e-24
2.1912104e+01 3.2364462e-24
2.1967710e+01 3.2216020e-24
2.2023457e+01 3.2068633e-24
2.2079346e+01 3.1922289e-24
2.2135376e+01 3.1776982e-24
2.2191549e+01 3.1632700e-24
2.2247865e+01 3.1489437e-24
2.2304323e+01 3.1347181e-24
2.2360924e+01 3.1205925e-24
2.2417670e+01 3.1065660e-24
2.2474559e+01 3.0926378e-24
2.2531592e+01 3.0788070e-24
2.2588771e+01 3.0650727e-24
2.2646094e+01 3.0514341e-24
2.2703563e+01 3.0378905e-24
2.2761177e+01 3.0244409e-24
2.2818938e+01 3.0110846e-24
2.2876846e+01 2.9978209e-24
2.2934900e+01 2.9846488e-24
2.2993102e+01 2.9715677e-24
2.3051451e+01 2.9585768e-24
2.3109949e+01 2.9456753e-24
2.3168595e+01 2.9328624e-24
2.3227390e+01 2.9201375e-24
2.3286334e+01 2.9074997e-24
2.3345427e+01 2.8949485e-24
2.3404671e+01 2.8824829e-24
2.3464065e+01 2.8701024e-24
2.3523609e+01 2.8578063e-24
2.3583305e+01 2.8455938e-24
2.3643152e+01 2.8334642e-24
2.3703151e+01 2.8214169e-24
2.3763303e+01 2.8094512e-24
2.3823607e+01 2.7975664e-24
2.3884064e+01 2.7857619e-24
2.3944674e+01 2.7740370e-24
2.4005438e+01 2.7623911e-24
2.4066357e+01 2.7508235e-24
2.4127430e+01 2.7393337e-24
2.4188658e+01 2.7279209e-24
2.4250041e+01 2.7165846e-24
2.4311580e+01 2.7053241e-24
2.4373276e+01 2.6941389e-24
2.4435128e+01 2.6830283e-24
2.4497136e+01 2.6719918e-24
2.4559303e+01 2.6610288e-24
2.4621627e+01 2.6501386e-24
2.4684109e+01 2.6393208e-24
2.4746750e+01 2.6285747e-24
2.4809549e+01 2.6178998e-24
2.4872508e+01 2.6072955e-24
2.4935627e+01 2.5967613e-24
2.4998906e+01 2.5862966e-24
2.5062346e+01 2.5759009e-24
2.5125946e+01 2.5655737e-24
2.5189708e+01 2.5553144e-24
2.5253632e+01 2.5451224e-24
2.5317718e+01 2.5349974e-24
2.5381966e+01 2.5249387e-24
2.5446378e+01 2.5149459e-24
2.5510953e+01 2.5050184e-24
2.5575692e+01 2.4951558e-24
2.5640595e+01 2.4853576e-24
2.5705663e+01 2.4756232e-24
2.5770896e+01 2.4659522e-24
2.5836295e+01 2.4563441e-24
2.5901860e+01 2.4467984e-24
2.5967591e+01 2.4373147e-24
2.6033488e+01 2.4278925e-24
2.6099554e+01 2.4185313e-24
2.6165786e+01 2.4092307e-24
2.6232187e+01 2.3999902e-24
2.6298756e+01 2.3908094e-24
2.6365494e+01 2.3816878e-24
2.6432402e+01 2.3726250e-24
2.6499479e+01 2.3636205e-24
2.6566727e+01 2.3546740e-24
2.6634145e+01 2.3457849e-24
2.6701734e+01 2.3369530e-24
2.6769495e+01 2.3281776e-24
2.6837428e+01 2.3194585e-24
2.6905533e+01 2.3107953e-24
2.6973811e+01 2.3021874e-24
2.7042262e+01 2.2936345e-24
2.7110887e+01 2.2851363e-24
2.7179686e+01 2.2766922e-24
2.7248660e+01 2.2683020e-24
2.7317809e+01 2.2599652e-24
2.7387133e+01 2.2516814e-24
2.7456633e+01 2.2434503e-24
2.7526310e+01 2.2352714e-24
2.7596163e+01 2.2271444e-24
2.7666194e+01 2.2190690e-24
2.7736402e+01 2.2110447e-24
2.7806789e+01 2.2030712e-24
2.7877354e+01 2.1951481e-24
2.7948098e+01 2.1872751e-24
2.8019021e+01 2.1794518e-24
2.8090125e+01 2.1716778e-24
2.8161409e+01 2.1639528e-24
2.8232874e+01 2.1562765e-24
2.8304521e+01 2.1486484e-24
2.8376349e+01 2.1410684e-24
2.8448359e+01 2.1335359e-24
2.8520553e+01 2.1260508e-24
2.8592929e+01 2.1186126e-24
2.8665489e+01 2.1112210e-24
2.8738233e+01 2.1038757e-24
2.8811162e+01 2.0965764e-24
2.8884276e+01 2.0893227e-24
2.8957576e+01 2.0821144e-24
2.9031061e+01 2.0749510e-24
2.9104733e+01 2.0678324e-24
2.9178592e+01 2.0607581e-24
2.9252638e+01 2.0537279e-24
2.9326872e+01 2.0467415e-24
2.9401295e+01 2.0397986e-24
2.9475906e+01 2.0328988e-24
2.9550707e+01 2.0260418e-24
2.9625698e+01 2.0192274e-24
2.9700879e+01 2.0124553e-24
2.9776251e+01 2.0057252e-24
2.9851814e+01 1.9990367e-24
2.9927568e+01 1.9923897e-24
3.0003515e+01 1.9857837e-24
3.0079655e+01 1.9792186e-24
3.0155988e+01 1.9726941e-24
3.0232515e+01 1.9662098e-24
3.0309235e+01 1.9597655e-24
3.0386151e+01 1.9533609e-24
3.0463262e+01 1.9469958e-24
3.0540568e+01 1.9406698e-24
3.0618071e+01 1.9343828e-24
3.0695770e+01 1.9281344e-24
3.0773667e+01 1.9219243e-24
3.0851761e+01 1.9157524e-24
3.0930053e+01 1.9096184e-24
3.1008544e+01 1.9035219e-24
3.1087234e+01 1.8974628e-24
3.1166124e+01 1.8914408e-24
3.1245214e+01 1.8854556e-24
3.1324505e+01 1.8795070e-24
3.1403997e+01 1.8735947e-24
3.1483691e+01 1.8677186e-24
3.1563587e+01 1.8618783e-24
3.1643685e+01 1.8560735e-24
3.1723987e+01 1.8503042e-24
3.1804493e+01 1.8445700e-24
3.1885203e+01 1.8388706e-24
3.1966118e+01 1.8332059e-24
3.2047238e+01 1.8275757e-24
3.2128564e+01 1.8219796e-24
3.2210097e+01 1.8164175e-24
3.2291836e+01 1.8108891e-24
3.2373783e+01 1.8053942e-24
3.2455937e+01 1.7999325e-24
3.2538301e+01 1.7945040e-24
3.2620873e+01 1.7891082e-24
3.2703655e+01 1.7837451e-24
3.2786647e+01 1.7784143e-24
3.2869849e+01 1.7731158e-24
3.2953263e+01 1.7678491e-24
3.3036888e+01 1.7626142e-24
3.3120725e+01 1.7574109e-24
3.3204776e+01 1.7522388e-24
3.3289039e+01 1.7470979e-24
3.3373517e+01 1.7419879e-24
3.3458208e+01 1.7369085e-24
3.3543115e+01 1.7318597e-24
3.3628237e+01 1.7268411e-24
3.3713575e+01 1.7218526e-24
3.3799130e+01 1.7168940e-24
3.3884902e+01 1.7119651e-24
3.3970891e+01 1.7070656e-24
3.4057099e+01 1.7021954e-24
3.4143526e+01 1.6973544e-24
3.4230171e+01 1.6925422e-24
3.4317037e+01 1.6877587e-24
3.4404123e+01 1.6830037e-24
3.4491430e+01 1.6782771e-24
3.4578959e+01 1.6735786e-24
3.4666710e+01 1.6689080e-24
3.4754683e+01 1.6642652e-24
3.4842880e+01 1.6596500e-24
3.4931300e+01 1.6550621e-24
3.5019945e+01 1.6505015e-24
3.5108815e+01 1.6459679e-24
3.5197911e+01 1.6414611e-24
3.5287232e+01 1.6369810e-24
3.5376780e+01 1.6325274e-24
3.5466556e+01 1.6281001e-24
3.5556559e+01 1.6236990e-24
3.5646791e+01 1.6193238e-24
3.5737251e+01 1.6149744e-24
3.5827942e+01 1.6106507e-24
3.5918862e+01 1.6063523e-24
3.6010013e+01 1.6020793e-24
3.6101395e+01 1.5978314e-24
3.6193010e+01 1.5936085e-24
3.6284856e+01 1.5894103e-24
3.6376936e+01 1.5852368e-24
3.6469250e+01 1.5810877e-24
3.6561798e+01 1.5769629e-24
3.6654580e+01 1.5728622e-24
3.6747598e+01 1.5687855e-24
3.6840852e+01 1.5647326e-24
3.6934343e+01 1.5607034e-24
3.7028071e+01 1.5566977e-24
3.7122037e+01 1.5527153e-24
3.7216241e+01 1.5487561e-24
3.7310685e+01 1.5448200e-24
3.7405368e+01 1.5409067e-24
3.7500291e+01 1.5370162e-24
3.7595456e+01 1.5331482e-24
3.7690861e+01 1.5293027e-24
3.7786509e+01 1.5254795e-24
3.7882400e+01 1.5216784e-24
3.7978534e+01 1.5178993e-24
3.8074912e+01 1.5141420e-24
3.8171534e+01 1.5104065e-24
3.8268402e+01 1.5066925e-24
3.8365515e+01 1.5029999e-24
3.8462875e+01 1.4993286e-24
3.8560482e+01 1.4956784e-24
3.8658337e+01 1.4920492e-24
3.8756440e+01 1.4884409e-24
3.8854792e+01 1.4848533e-24
3.8953393e+01 1.4812862e-24
3.9052245e+01 1.4777396e-24
3.9151348e+01 1.4742133e-24
3.9250702e+01 1.4707072e-24
3.9350308e+01 1.4672212e-24
3.9450167e+01 1.4637550e-24
3.9550279e+01 1.4603086e-24
3.9650646e+01 1.4568819e-24
3.9751267e+01 1.4534747e-24
3.9852144e+01 1.4500869e-24
3.9953276e+01 1.4467183e-24
4.0054665e+01 1.4433689e-24
4.0156312e+01 1.4400385e-24
4.0258216e+01 1.4367269e-24
4.0360379e+01 1.4334342e-24
4.0462801e+01 1.4301600e-24
4.0565484e+01 1.4269044e-24
4.0668426e+01 1.4236672e-24
4.0771630e+01 1.4204482e-24
4.0875096e+01 1.4172474e-24
4.0978825e+01 1.4140647e-24
4.1082817e+01 1.4108998e-24
4.1187072e+01 1.4077527e-24
4.1291592e+01 1.4046234e-24
4.1396378e+01 1.4015115e-24
4.1501429e+01 1.3984172e-24
4.1606747e+01 1.3953401e-24
4.1712332e+01 1.3922803e-24
4.1818185e+01 1.3892376e-24
4.1924307e+01 1.3862119e-24
4.2030698e+01 1.3832030e-24
4.2137359e+01 1.3802110e-24
4.2244291e+01 1.3772356e-24
4.2351494e+01 1.3742767e-24
4.2458969e+01 1.3713343e-24
4.2566717e+01 1.3684083e-24
4.2674738e+01 1.3654984e-24
4.2783033e+01 1.3626047e-24
4.2891604e+01 1.3597271e-24
4.3000449e+01 1.3568653e-24
4.3109571e+01 1.3540193e-24
4.3218970e+01 1.3511891e-24
4.3328647e+01 1.3483745e-24
4.3438602e+01 1.3455753e-24
4.3548835e+01 1.3427916e-24
4.3659349e+01 1.3400232e-24
4.3770143e+01 1.3372699e-24
4.3881218e+01 1.3345318e-24
4.3992575e+01 1.3318087e-24
4.4104215e+01 1.3291005e-24
4.4216138e+01 1.3264071e-24
4.4328345e+01 1.3237285e-24
4.4440837e+01 1.3210644e-24
4.4553614e+01 1.3184149e-24
4.4666677e+01 1.3157798e-24
4.4780028e+01 1.3131591e-24
4.4893666e+01 1.3105525e-24
4.5007592e+01 1.3079602e-24
4.5121808e+01 1.3053819e-24
4.5236313e+01 1.3028176e-24
4.5351109e+01 1.3002672e-24
4.5466196e+01 1.2977305e-24
4.5581575e+01 1.2952076e-24
4.5697247e+01 1.2926983e-24
4.5813213e+01 1.2902025e-24
4.5929473e+01 1.2877201e-24
4.6046028e+01 1.2852511e-24
4.6162878e+01 1.2827954e-24
4.6280026e+01 1.2803528e-24
4.6397470e+01 1.2779234e-24
4.6515213e+01 1.2755069e-24
4.6633254e+01 1.2731034e-24
4.6751595e+01 1.2707128e-24
4.6870236e+01 1.2683349e-24
4.6989178e+01 1.2659697e-24
4.7108423e+01 1.2636171e-24
4.7227969e+01 1.2612770e-24
4.7347819e+01 1.2589493e-24
4.7467974e+01 1.2566341e-24
4.7588433e+01 1.2543311e-24
4.7709198e+01 1.2520403e-24
4.7830269e+01 1.2497616e-24
4.7951648e+01 1.2474950e-24
4.8073334e+01 1.2452404e-24
4.8195330e+01 1.2429977e-24
4.8317635e+01 1.2407668e-24
4.8440250e+01 1.2385476e-24
4.8563176e+01 1.2363401e-24
4.8686415e+01 1.2341443e-24
4.8809966e+01 1.2319599e-24
4.8933831e+01 1.2297870e-24
4.9058010e+01 1.2276255e-24
4.9182504e+01 1.2254753e-24
4.9307314e+01 1.2233363e-24
4.9432441e+01 1.2212085e-24
4.9557885e+01 1.2190919e-24
4.9683648e+01 1.2169862e-24
4.9809730e+01 1.2148915e-24
4.9936132e+01 1.2128077e-24
5.0062854e+01 1.2107347e-24
5.0189899e+01 1.2086725e-24
5.0317265e+01 1.2066209e-24
5.0444955e+01 1.2045800e-24
5.0572969e+01 1.2025496e-24
5.0701308e+01 1.2005297e-24
5.0829972e+01 1.1985203e-24
5.0958963e+01 1.1965212e-24
5.1088281e+01 1.1945324e-24
5.1217927e+01 1.1925538e-24
5.1347903e+01 1.1905854e-24
5.1478208e+01 1.1886271e-24
5.1608844e+01 1.1866789e-24
5.1739811e+01 1.1847406e-24
5.1871111e+01 1.1828122e-24
5.2002744e+01 1.1808938e-24
5.2134711e+01 1.1789851e-24
5.2267013e+01 1.1770861e-24
5.2399651e+01 1.1751968e-24
5.2532625e+01 1.1733171e-24
5.2665937e+01 1.1714470e-24
5.2799587e+01 1.1695864e-24
5.2933576e+01 1.1677352e-24
5.3067905e+01 1.1658934e-24
5.3202575e+01 1.1640610e-24
5.3337587e+01 1.1622378e-24
5.3472941e+01 1.1604238e-24
5.3608639e+01 1.1586190e-24
5.3744682e+01 1.1568232e-24
5.3881069e+01 1.1550366e-24
5.4017803e+01 1.1532589e-24
5.4154883e+01 1.1514901e-24
5.4292312e+01 1.1497302e-24
5.4430089e+01 1.1479792e-24
5.4568216e+01 1.1462369e-24
5.4706693e+01 1.1445034e-24
5.4845522e+01 1.1427785e-24
5.4984703e+01 1.1410622e-24
5.5124238e+01 1.1393545e-24
5.5264126e+01 1.1376553e-24
5.5404370e+01 1.1359646e-24
5.5544969e+01 1.1342823e-24
5.5685925e+01 1.1326083e-24
5.5827239e+01 1.1309427e-24
5.5968911e+01 1.1292853e-24
5.6110943e+01 1.1276361e-24
5.6253336e+01 1.1259951e-24
5.6396089e+01 1.1243622e-24
5.6539205e+01 1.1227374e-24
5.6682684e+01 1.1211206e-24
5.6826528e+01 1.1195117e-24
5.6970736e+01 1.1179108e-24
5.7115310e+01 1.1163177e-24
5.7260251e+01 1.1147325e-24
5.7405560e+01 1.1131551e-24
5.7551238e+01 1.1115854e-24
5.7697286e+01 1.1100234e-24
5.7843704e+01 1.1084690e-24
5.7990493e+01 1.1069223e-24
5.8137655e+01 1.1053831e-24
5.8285191e+01 1.1038514e-24
5.8433101e+01 1.1023271e-24
5.8581386e+01 1.1008103e-24
5.8730048e+01 1.0993009e-24
5.8879086e+01 1.0977988e-24
5.9028504e+01 1.0963040e-24
5.9178300e+01 1.0948165e-24
5.9328476e+01 1.0933362e-24
5.9479034e+01 1.0918630e-24
5.9629973e+01 1.0903970e-24
5.9781296e+01 1.0889381e-24
5.9933002e+01 1.0874862e-24
6.0085094e+01 1.0860413e-24
6.0237572e+01 1.0846033e-24
6.0390436e+01 1.0831723e-24
6.0543688e+01 1.0817482e-24
6.0697330e+01 1.0803309e-24
6.0851361e+01 1.0789204e-24
6.1005783e+01 1.0775167e-24
6.1160597e+01 1.0761197e-24
6.1315804e+01 1.0747294e-24
6.1471405e+01 1.0733458e-24
6.1627400e+01 1.0719687e-24
6.1783792e+01 1.0705983e-24
6.1940580e+01 1.0692343e-24
6.2097766e+01 1.0678769e-24
6.2255351e+01 1.0665259e-24
6.2413336e+01 1.0651814e-24
6.2571722e+01 1.0638432e-24
6.2730510e+01 1.0625114e-24
6.2889701e+01 1.0611860e-24
6.3049296e+01 1.0598668e-24
6.3209295e+01 1.0585538e-24
6.3369701e+01 1.0572471e-24
6.3530514e+01 1.0559465e-24
6.3691735e+01 1.0546521e-24
6.3853365e+01 1.0533638e-24
6.4015406e+01 1.0520816e-24
6.4177857e+01 1.0508054e-24
6.4340721e+01 1.0495352e-24
6.4503998e+01 1.0482710e-24
6.4667689e+01 1.0470127e-24
6.4831796e+01 1.0457603e-24
6.4996319e+01 1.0445138e-24
6.5161260e+01 1.0432732e-24
6.5326619e+01 1.0420383e-24
6.5492398e+01 1.0408093e-24
6.5658598e+01 1.0395859e-24
6.5825219e+01 1.0383683e-24
6.5992263e+01 1.0371564e-24
6.6159732e+01 1.0359501e-24
6.6327625e+01 1.0347495e-24
6.6495944e+01 1.0335544e-24
6.6664690e+01 1.0323649e-24
6.6833865e+01 1.0311810e-24
6.7003469e+01 1.0300025e-24
6.7173503e+01 1.0288295e-24
6.7343969e+01 1.0276620e-24
6.7514867e+01 1.0264998e-24
6.7686199e+01 1.0253431e-24
6.7857966e+01 1.0241917e-24
6.8030169e+01 1.0230456e-24
6.8202808e+01 1.0219048e-24
6.8375886e+01 1.0207693e-24
6.8549403e+01 1.0196390e-24
6.8723360e+01 1.0185139e-24
6.8897759e+01 1.0173941e-24
6.9072601e+01 1.0162794e-24
6.9247886e+01 1.0151698e-24
6.9423616e+01 1.0140653e-24
6.9599792e+01 1.0129659e-24
6.9776414e+01 1.0118715e-24
6.9953486e+01 1.0107822e-24
7.0131006e+01 1.0096978e-24
7.0308977e+01 1.0086185e-24
7.0487400e+01 1.0075440e-24
7.0666275e+01 1.0064745e-24
7.0845605e+01 1.0054099e-24
7.1025389e+01 1.0043502e-24
7.1205630e+01 1.0032953e-24
7.1386328e+01 1.0022452e-24
7.1567484e+01 1.0011999e-24
7.1749101e+01 1.0001594e-24
7.1931178e+01 9.9912365e-25
7.2113717e+01 9.9809261e-25
7.2296720e+01 9.9706626e-25
7.2480187e+01 9.9604458e-25
7.2664119e+01 9.9502755e-25
7.2848518e+01 9.9401515e-25
7.3033386e+01 9.9300735e-25
7.3218722e+01 9.9200413e-25
7.3404529e+01 9.9100547e-25
7.3590807e+01 9.9001134e-25
7.3777558e+01 9.8902173e-25
7.3964782e+01 9.8803660e-25
7.4152482e+01 9.8705594e-25
7.4340659e+01 9.8607973e-25
7.4529313e+01 9.8510793e-25
7.4718445e+01 9.8414054e-25
7.4908058e+01 9.8317753e-25
7.5098151e+01 9.8221888e-25
7.5288727e+01 9.8126457e-25
7.5479787e+01 9.8031457e-25
7.5671332e+01 9.7936887e-25
7.5863362e+01 9.7842744e-25
7.6055880e+01 9.7749027e-25
7.6248887e+01 9.7655733e-25
7.6442383e+01 9.7562860e-25
7.6636370e+01 9.7470407e-25
7.6830850e+01 9.7378371e-25
7.7025823e+01 9.7286750e-25
7.7221291e+01 9.7195543e-25
7.7417255e+01 9.7104748e-25
7.7613716e+01 9.7014362e-25
7.7810676e+01 9.6924384e-25
7.8008136e+01 9.6834811e-25
7.8206097e+01 9.6745643e-25
7.8404560e+01 9.6656876e-25
7.8603526e+01 9.6568510e-25
7.8802998e+01 9.6480542e-25
7.9002976e+01 9.6392970e-25
7.9203461e+01 9.6305793e-25
7.9404455e+01 9.6219010e-25
7.9605959e+01 9.6132617e-25
7.9807975e+01 9.6046614e-25
8.0010503e+01 9.5960998e-25
8.0213545e+01 9.5875768e-25
8.0417103e+01 9.5790923e-25
8.0621177e+01 9.5706460e-25
8.0825769e+01 9.5622378e-25
8.1030880e+01 9.5538675e-25
8.1236511e+01 9.5455350e-25
8.1442664e+01 9.5372400e-25
8.1649341e+01 9.5289825e-25
8.1856542e+01 9.5207622e-25
8.2064269e+01 9.5125790e-25
8.2272523e+01 9.5044328e-25
8.2481305e+01 9.4963234e-25
8.2690617e+01 9.4882505e-25
8.2900461e+01 9.4802142e-25
8.3110837e+01 9.4722142e-25
8.3321747e+01 9.4642503e-25
8.3533192e+01 9.4563225e-25
8.3745173e+01 9.4484306e-25
8.3957693e+01 9.4405743e-25
8.4170752e+01 9.4327537e-25
8.4384351e+01 9.4249684e-25
8.4598493e+01 9.4172185e-25
8.4813178e+01 9.4095037e-25
8.5028408e+01 9.4018239e-25
8.5244184e+01 9.3941789e-25
8.5460508e+01 9.3865687e-25
8.5677380e+01 9.3789931e-25
8.5894803e+01 9.3714519e-25
8.6112778e+01 9.3639450e-25
8.6331306e+01 9.3564723e-25
8.6550388e+01 9.3490337e-25
8.6770026e+01 9.3416290e-25
8.6990222e+01 9.3342580e-25
8.7210977e+01 9.3269207e-25
8.7432291e+01 9.3196170e-25
8.7654168e+01 9.3123466e-25
8.7876607e+01 9.3051096e-25
8.8099611e+01 9.2979057e-25
8.8323181e+01 9.2907348e-25
8.8547318e+01 9.2835968e-25
8.8772024e+01 9.2764916e-25
8.8997300e+01 9.2694191e-25
8.9223148e+01 9.2623791e-25
8.9449569e+01 9.2553716e-25
8.9676565e+01 9.2483964e-25
8.9904136e+01 9.2414534e-25
9.0132285e+01 9.2345424e-25
9.0361013e+01 9.2276635e-25
9.0590322e+01 9.2208164e-25
9.0820212e+01 9.2140011e-25
9.1050686e+01 9.2072174e-25
9.1281745e+01 9.2004653e-25
9.1513390e+01 9.1937446e-25
9.1745623e+01 9.1870552e-25
9.1978445e+01 9.1803971e-25
9.2211858e+01 9.1737700e-25
9.2445864e+01 9.1671740e-25
9.2680463e+01 9.1606089e-25
9.2915658e+01 9.1540746e-25
9.3151449e+01 9.1475711e-25
9.3387839e+01 9.1410981e-25
9.3624829e+01 9.1346557e-25
9.3862420e+01 9.1282437e-25
9.4100614e+01 9.1218620e-25
9.4339412e+01 9.1155106e-25
9.4578817e+01 9.1091893e-25
9.4818829e+01 9.1028980e-25
9.5059450e+01 9.0966367e-25
9.5300682e+01 9.0904053e-25
9.5542526e+01 9.0842036e-25
9.5784983e+01 9.0780317e-25
9.6028056e+01 9.0718894e-25
9.6271746e+01 9.0657765e-25
9.6516054e+01 9.0596931e-25
9.6760982e+01 9.0536391e-25
9.7006532e+01 9.0476143e-25
9.7252705e+01 9.0416187e-25
9.7499503e+01 9.0356522e-25
9.7746926e+01 9.0297148e-25
9.7994978e+01 9.0238063e-25
9.8243659e+01 9.0179266e-25
9.8492972e+01 9.0120758e-25
9.8742917e+01 9.0062536e-25
9.8993496e+01 9.0004601e-25
9.9244711e+01 8.9946952e-25
9.9496564e+01 8.9889587e-25
9.9749056e+01 8.9832507e-25
1.0000219e+02 8.9775710e-25
1.0025596e+02 8.9719196e-25
1.0051038e+02 8.9662964e-25
1.0076545e+02 8.9607013e-25
1.0102116e+02 8.9551343e-25
1.0127752e+02 8.9495953e-25
1.0153453e+02 8.9440843e-25
1.0179219e+02 8.9386011e-25
1.0205051e+02 8.9331457e-25
1.0230948e+02 8.9277181e-25
1.0256911e+02 8.9223181e-25
1.0282940e+02 8.9169457e-25
1.0309035e+02 8.9116010e-25
1.0335196e+02 8.9062837e-25
1.0361424e+02 8.9009938e-25
1.0387718e+02 8.8957313e-25
1.0414079e+02 8.8904962e-25
1.0440507e+02 8.8852883e-25
1.0467002e+02 8.8801076e-25
1.0493564e+02 8.8749540e-25
1.0520193e+02 8.8698276e-25
1.0546890e+02 8.8647282e-25
1.0573655e+02 8.8596558e-25
1.0600487e+02 8.8546103e-25
1.0627388e+02 8.8495918e-25
1.0654357e+02 8.8446000e-25
1.0681395e+02 8.8396351e-25
1.0708501e+02 8.8346969e-25
1.0735676e+02 8.8297854e-25
1.0762920e+02 8.8249005e-25
1.0790233e+02 8.8200422e-25
1.0817615e+02 8.8152105e-25
1.0845067e+02 8.8104053e-25
1.0872588e+02 8.8056266e-25
1.0900180e+02 8.8008743e-25
1.0927841e+02 8.7961484e-25
1.0955572e+02 8.7914488e-25
1.0983374e+02 8.7867755e-25
1.1011247e+02 8.7821284e-25
1.1039190e+02 8.7775076e-25
1.1067204e+02 8.7729130e-25
1.1095289e+02 8.7683445e-25
1.1123446e+02 8.7638021e-25
1.1151673e+02 8.7592858e-25
1.1179973e+02 8.7547955e-25
1.1208344e+02 8.7503312e-25
1.1236788e+02 8.7458929e-25
1.1265303e+02 8.7414804e-25
1.1293891e+02 8.7370939e-25
1.1322551e+02 8.7327333e-25
1.1351285e+02 8.7283985e-25
1.1380091e+02 8.7240895e-25
1.1408970e+02 8.7198063e-25
1.1437922e+02 8.7155488e-25
1.1466948e+02 8.7113170e-25
1.1496048e+02 8.7071109e-25
1.1525221e+02 8.7029305e-25
1.1554469e+02 8.6987757e-25
1.1583791e+02 8.6946465e-25
1.1613187e+02 8.6905429e-25
1.1642657e+02 8.6864649e-25
1.1672203e+02 8.6824124e-25
1.1701823e+02 8.6783854e-25
1.1731519e+02 8.6743839e-25
1.1761290e+02 8.6704078e-25
1.1791137e+02 8.6664572e-25
1.1821059e+02 8.6625321e-25
1.1851057e+02 8.6586323e-25
1.1881131e+02 8.6547579e-25
1.1911282e+02 8.6509089e-25
1.1941509e+02 8.6470853e-25
1.1971813e+02 8.6432869e-25
1.2002194e+02 8.6395139e-25
1.2032652e+02 8.6357662e-25
1.2063187e+02 8.6320438e-25
1.2093800e+02 8.6283467e-25
1.2124490e+02 8.6246748e-25
1.2155258e+02 8.6210282e-25
1.2186105e+02 8.6174067e-25
1.2217029e+02 8.6138106e-25
1.2248032e+02 8.6102396e-25
1.2279114e+02 8.6066938e-25
1.2310275e+02 8.6031732e-25
1.2341514e+02 8.5996778e-25
1.2372833e+02 8.5962075e-25
1.2404232e+02 8.5927624e-25
1.2435710e+02 8.5893425e-25
1.2467268e+02 8.5859477e-25
1.2498906e+02 8.5825780e-25
1.2530624e+02 8.5792335e-25
1.2562423e+02 8.5759141e-25
1.2594303e+02 8.5726198e-25
1.2626263e+02 8.5693507e-25
1.2658305e+02 8.5661066e-25
1.2690428e+02 8.5628877e-25
1.2722632e+02 8.5596939e-25
1.2754918e+02 8.5565251e-25
1.2787286e+02 8.5533815e-25
1.2819737e+02 8.5502630e-25
1.2852269e+02 8.5471696e-25
1.2884884e+02 8.5441013e-25
1.2917582e+02 8.5410581e-25
1.2950363e+02 8.5380401e-25
1.2983227e+02 8.5350471e-25
1.3016175e+02 8.5320792e-25
1.3049206e+02 8.5291365e-25
1.3082321e+02 8.5262189e-25
1.3115520e+02 8.5233264e-25
1.3148803e+02 8.5204590e-25
1.3182170e+02 8.5176168e-25
1.3215623e+02 8.5147997e-25
1.3249160e+02 8.5120078e-25
1.3282782e+02 8.5092410e-25
1.3316490e+02 8.5064994e-25
1.3350283e+02 8.5037829e-25
1.3384162e+02 8.5010916e-25
1.3418127e+02 8.4984256e-25
1.3452178e+02 8.4957847e-25
1.3486315e+02 8.4931690e-25
1.3520539e+02 8.4905785e-25
1.3554850e+02 8.4880133e-25
1.3589249e+02 8.4854733e-25
1.3623734e+02 8.4829586e-25
1.3658307e+02 8.4804692e-25
1.3692967e+02 8.4780050e-25
1.3727716e+02 8.4755661e-25
1.3762553e+02 8.4731526e-25
1.3797478e+02 8.4707643e-25
1.3832492e+02 8.4684014e-25
1.3867594e+02 8.4660639e-25
1.3902786e+02 8.4637517e-25
1.3938067e+02 8.4614650e-25
1.3973437e+02 8.4592036e-25
1.4008898e+02 8.4569677e-25
1.4044448e+02 8.4547572e-25
1.4080088e+02 8.4525722e-25
1.4115819e+02 8.4504127e-25
1.4151641e+02 8.4482786e-25
1.4187554e+02 8.4461701e-25
1.4223557e+02 8.4440872e-25
1.4259652e+02 8.4420298e-25
1.4295839e+02 8.4399980e-25
1.4332117e+02 8.4379919e-25
1.4368488e+02 8.4360113e-25
1.4404951e+02 8.4340565e-25
1.4441506e+02 8.4321273e-25
1.4478154e+02 8.4302238e-25
1.4514895e+02 8.4283461e-25
1.4551730e+02 8.4264941e-25
1.4588657e+02 8.4246679e-25
1.4625679e+02 8.4228675e-25
1.4662795e+02 8.4210930e-25
1.4700004e+02 8.4193443e-25
1.4737308e+02 8.4176216e-25
1.4774707e+02 8.4159247e-25
1.4812201e+02 8.4142538e-25
1.4849790e+02 8.4126089e-25
1.4887474e+02 8.4109900e-25
1.4925254e+02 8.4093972e-25
1.4963129e+02 8.4078304e-25
1.5001101e+02 8.4062898e-25
1.5039169e+02 8.4047753e-25
1.5077334e+02 8.4032869e-25
1.5115596e+02 8.4018248e-25
1.5153955e+02 8.4003888e-25
1.5192411e+02 8.3989792e-25
1.5230964e+02 8.3975959e-25
1.5269616e+02 8.3962389e-25
1.5308365e+02 8.3949082e-25
1.5347213e+02 8.3936040e-25
1.5386160e+02 8.3923263e-25
1.5425205e+02 8.3910750e-25
1.5464350e+02 8.3898502e-25
1.5503594e+02 8.3886520e-25
1.5542937e+02 8.3874804e-25
1.5582380e+02 8.3863354e-25
1.5621923e+02 8.3852171e-25
1.5661567e+02 8.3841255e-25
1.5701311e+02 8.3830606e-25
1.5741156e+02 8.3820226e-25
1.5781103e+02 8.3810113e-25
1.5821150e+02 8.3800270e-25
1.5861299e+02 8.3790695e-25
1.5901551e+02 8.3781390e-25
1.5941904e+02 8.3772355e-25
1.5982360e+02 8.3763590e-25
1.6022918e+02 8.3755097e-25
1.6063579e+02 8.3746874e-25
1.6104344e+02 8.3738923e-25
1.6145211e+02 8.3731244e-25
1.6186183e+02 8.3723838e-25
1.6227259e+02 8.3716705e-25
1.6268438e+02 8.3709845e-25
1.6309723e+02 8.3703260e-25
1.6351112e+02 8.3696948e-25
1.6392606e+02 8.3690912e-25
1.6434205e+02 8.3685151e-25
1.6475910e+02 8.3679665e-25
1.6517721e+02 8.3674457e-25
1.6559638e+02 8.3669524e-25
1.6601661e+02 8.3664870e-25
1.6643791e+02 8.3660493e-25
1.6686028e+02 8.3656394e-25
1.6728372e+02 8.3652574e-25
1.6770824e+02 8.3649033e-25
1.6813383e+02 8.3645772e-25
1.6856050e+02 8.3642792e-25
1.6898825e+02 8.3640092e-25
1.6941710e+02 8.3637673e-25
1.6984702e+02 8.3635537e-25
1.7027804e+02 8.3633683e-25
1.7071016e+02 8.3632112e-25
1.7114337e+02 8.3630824e-25
1.7157768e+02 8.3629820e-25
1.7201309e+02 8.3629101e-25
1.7244960e+02 8.3628668e-25
1.7288723e+02 8.3628519e-25
1.7332596e+02 8.3628657e-25
1.7376581e+02 8.3629082e-25
1.7420678e+02 8.3629794e-25
1.7464886e+02 8.3630795e-25
1.7509206e+02 8.3632083e-25
1.7553639e+02 8.3633661e-25
1.7598185e+02 8.3635528e-25
1.7642844e+02 8.3637686e-25
1.7687616e+02 8.3640135e-25
1.7732502e+02 8.3642875e-25
1.7777502e+02 8.3645907e-25
1.7822615e+02 8.3649232e-25
1.7867844e+02 8.3652850e-25
1.7913187e+02 8.3656762e-25
1.7958645e+02 8.3660968e-25
1.8004219e+02 8.3665469e-25
1.8049908e+02 8.3670267e-25
1.8095713e+02 8.3675360e-25
1.8141634e+02 8.3680751e-25
1.8187672e+02 8.3686439e-25
1.8233827e+02 8.3692425e-25
1.8280099e+02 8.3698711e-25
1.8326488e+02 8.3705295e-25
1.8372995e+02 8.3712180e-25
1.8419620e+02 8.3719366e-25
1.8466363e+02 8.3726854e-25
1.8513225e+02 8.3734643e-25
1.8560206e+02 8.3742735e-25
1.8607306e+02 8.3751131e-25
1.8654526e+02 8.3759831e-25
1.8701866e+02 8.3768836e-25
1.8749325e+02 8.3778146e-25
1.8796905e+02 8.3787762e-25
1.8844606e+02 8.3797686e-25
1.8892428e+02 8.3807916e-25
1.8940371e+02 8.3818456e-25
1.8988436e+02 8.3829304e-25
1.9036623e+02 8.3840461e-25
1.9084932e+02 8.3851929e-25
1.9133364e+02 8.3863708e-25
1.9181918e+02 8.3875799e-25
1.9230596e+02 8.3888202e-25
1.9279397e+02 8.3900919e-25
1.9328323e+02 8.3913949e-25
1.9377372e+02 8.3927294e-25
1.9426546e+02 8.3940955e-25
1.9475844e+02 8.3954931e-25
1.9525268e+02 8.3969225e-25
1.9574817e+02 8.3983835e-25
1.9624492e+02 8.3998765e-25
1.9674293e+02 8.4014013e-25
1.9724220e+02 8.4029581e-25
1.9774274e+02 8.4045469e-25
1.9824455e+02 8.4061679e-25
1.9874764e+02 8.4078211e-25
1.9925200e+02 8.4095066e-25
1.9975764e+02 8.4112245e-25
2.0026456e+02 8.4129747e-25
2.0077277e+02 8.4147575e-25
2.0128227e+02 8.4165729e-25
2.0179307e+02 8.4184210e-25
2.0230515e+02 8.4203018e-25
2.0281854e+02 8.4222154e-25
2.0333323e+02 8.4241619e-25
2.0384923e+02 8.4261414e-25
2.0436654e+02 8.4281540e-25
2.0488516e+02 8.4301997e-25
2.0540509e+02 8.4322787e-25
2.0592635e+02 8.4343909e-25
2.0644893e+02 8.4365365e-25
2.0697283e+02 8.4387156e-25
2.0749806e+02 8.4409283e-25
2.0802463e+02 8.4431746e-25
2.0855253e+02 8.4454546e-25
2.0908178e+02 8.4477683e-25
2.0961236e+02 8.4501160e-25
2.1014429e+02 8.4524976e-25
2.1067758e+02 8.4549133e-25
2.1121221e+02 8.4573631e-25
2.1174820e+02 8.4598471e-25
2.1228555e+02 8.4623654e-25
2.1282427e+02 8.4649181e-25
2.1336435e+02 8.4675052e-25
2.1390581e+02 8.4701269e-25
2.1444863e+02 8.4727832e-25
2.1499284e+02 8.4754743e-25
2.1553842e+02 8.4782002e-25
2.1608539e+02 8.4809609e-25
2.1663375e+02 8.4837567e-25
2.1718350e+02 8.4865875e-25
2.1773465e+02 8.4894535e-25
2.1828719e+02 8.4923547e-25
2.1884114e+02 8.4952912e-25
2.1939649e+02 8.4982632e-25
2.1995325e+02 8.5012707e-25
2.2051143e+02 8.5043137e-25
2.2107102e+02 8.5073925e-25
2.2163203e+02 8.5105070e-25
2.2219446e+02 8.5136574e-25
2.2275832e+02 8.5168438e-25
2.2332361e+02 8.5200662e-25
2.2389034e+02 8.5233248e-25
2.2445851e+02 8.5266195e-25
2.2502811e+02 8.5299506e-25
2.2559917e+02 8.5333182e-25
2.2617167e+02 8.5367222e-25
2.2674562e+02 8.5401628e-25
2.2732103e+02 8.5436401e-25
2.2789790e+02 8.5471542e-25
2.2847624e+02 8.5507051e-25
2.2905604e+02 8.5542930e-25
2.2963731e+02 8.5579180e-25
2.3022006e+02 8.5615802e-25
2.3080429e+02 8.5652796e-25
2.3139000e+02 8.5690163e-25
2.3197720e+02 8.5727905e-25
2.3256589e+02 8.5766022e-25
2.3315607e+02 8.5804515e-25
2.3374775e+02 8.5843386e-25
2.3434093e+02 8.5882634e-25
2.3493561e+02 8.5922262e-25
2.3553181e+02 8.5962270e-25
2.3612951e+02 8.6002659e-25
2.3672874e+02 8.6043430e-25
2.3732948e+02 8.6084585e-25
2.3793175e+02 8.6126123e-25
2.3853555e+02 8.6168046e-25
2.3914088e+02 8.6210355e-25
2.3974775e+02 8.6253051e-25
2.4035615e+02 8.6296135e-25
2.4096610e+02 8.6339608e-25
2.4157760e+02 8.6383470e-25
2.4219065e+02 8.6427724e-25
2.4280526e+02 8.6472370e-25
2.4342142e+02 8.6517408e-25
2.4403915e+02 8.6562840e-25
2.4465845e+02 8.6608667e-25
2.4527932e+02 8.6654890e-25
2.4590176e+02 8.6701510e-25
2.4652578e+02 8.6748528e-25
2.4715139e+02 8.6795944e-25
2.4777858e+02 8.6843761e-25
2.4840737e+02 8.6891978e-25
2.4903775e+02 8.6940598e-25
2.4966973e+02 8.6989620e-25
2.5030332e+02 8.7039046e-25
2.5093851e+02 8.7088878e-25
2.5157532e+02 8.7139115e-25
2.5221374e+02 8.7189760e-25
2.5285378e+02 8.7240813e-25
2.5349544e+02 8.7292274e-25
2.5413874e+02 8.7344146e-25
2.5478366e+02 8.7396430e-25
2.5543023e+02 8.7449125e-25
2.5607843e+02 8.7502234e-25
2.5672828e+02 8.7555757e-25
2.5737978e+02 8.7609696e-25
2.5803293e+02 8.7664051e-25
2.5868774e+02 8.7718823e-25
2.5934421e+02 8.7774014e-25
2.6000234e+02 8.7829625e-25
2.6066215e+02 8.7885657e-25
2.6132363e+02 8.7942110e-25
2.6198679e+02 8.7998986e-25
2.6265163e+02 8.8056286e-25
2.6331816e+02 8.8114011e-25
2.6398638e+02 8.8172162e-25
2.6465630e+02 8.8230740e-25
2.6532791e+02 8.8289746e-25
2.6600124e+02 8.8349182e-25
2.6667626e+02 8.8409047e-25
2.6735301e+02 8.8469345e-25
2.6803147e+02 8.8530074e-25
2.6871165e+02 8.8591238e-25
2.6939356e+02 8.8652836e-25
2.7007720e+02 8.8714870e-25
2.7076257e+02 8.8777340e-25
2.7144968e+02 8.8840249e-25
2.7213854e+02 8.8903597e-25
2.7282914e+02 8.8967385e-25
2.7352150e+02 8.9031614e-25
2.7421561e+02 8.9096285e-25
2.7491149e+02 8.9161400e-25
2.7560913e+02 8.9226960e-25
2.7630854e+02 8.9292965e-25
2.7700973e+02 8.9359417e-25
2.7771269e+02 8.9426317e-25
2.7841744e+02 8.9493667e-25
2.7912398e+02 8.9561466e-25
2.7983231e+02 8.9629716e-25
2.8054244e+02 8.9698419e-25
2.8125437e+02 8.9767576e-25
2.8196811e+02 8.9837187e-25
2.8268366e+02 8.9907253e-25
2.8340102e+02 8.9977777e-25
2.8412021e+02 9.0048759e-25
2.8484122e+02 9.0120200e-25
2.8556405e+02 9.0192101e-25
2.8628873e+02 9.0264464e-25
2.8701524e+02 9.0337289e-25
2.8774360e+02 9.0410578e-25
2.8847380e+02 9.0484332e-25
2.8920586e+02 9.0558552e-25
2.8993978e+02 9.0633239e-25
2.9067556e+02 9.0708394e-25
2.9141320e+02 9.0784019e-25
2.9215272e+02 9.0860115e-25
2.9289411e+02 9.0936682e-25
2.9363739e+02 9.1013722e-25
2.9438255e+02 9.1091236e-25
2.9512960e+02 9.1169226e-25
2.9587855e+02 9.1247691e-25
2.9662940e+02 9.1326635e-25
2.9738215e+02 9.1406057e-25
2.9813682e+02 9.1485959e-25
2.9889340e+02 9.1566342e-25
2.9965190e+02 9.1647207e-25
3.0041232e+02 9.1728556e-25
3.0117468e+02 9.1810390e-25
3.0193897e+02 9.1892709e-25
3.0270520e+02 9.1975515e-25
3.0347337e+02 9.2058809e-25
3.0424349e+02 9.2142592e-25
3.0501557e+02 9.2226866e-25
3.0578960e+02 9.2311632e-25
3.0656560e+02 9.2396891e-25
3.0734357e+02 9.2482643e-25
3.0812352e+02 9.2568891e-25
3.0890544e+02 9.2655635e-25
3.0968935e+02 9.2742877e-25
3.1047524e+02 9.2830618e-25
3.1126314e+02 9.2918858e-25
3.1205303e+02 9.3007600e-25
3.1284492e+02 9.3096845e-25
3.1363883e+02 9.3186593e-25
3.1443474e+02 9.3276845e-25
3.1523268e+02 9.3367604e-25
3.1603265e+02 9.3458870e-25
3.1683464e+02 9.3550645e-25
3.1763867e+02 9.3642929e-25
3.1844474e+02 9.3735724e-25
3.1925286e+02 9.3829031e-25
3.2006302e+02 9.3922851e-25
3.2087524e+02 9.4017186e-25
3.2168953e+02 9.4112037e-25
3.2250588e+02 9.4207404e-25
3.2332430e+02 9.4303290e-25
3.2414479e+02 9.4399695e-25
3.2496737e+02 9.4496621e-25
3.2579204e+02 9.4594069e-25
3.2661880e+02 9.4692039e-25
3.2744766e+02 9.4790535e-25
3.2827862e+02 9.4889555e-25
3.2911169e+02 9.4989103e-25
3.2994688e+02 9.5089178e-25
3.3078418e+02 9.5189783e-25
3.3162361e+02 9.5290918e-25
3.3246517e+02 9.5392585e-25
3.3330886e+02 9.5494785e-25
3.3415470e+02 9.5597519e-25
3.3500268e+02 9.5700788e-25
3.3585282e+02 9.5804595e-25
3.3670511e+02 9.5908939e-25
3.3755956e+02 9.6013822e-25
3.3841619e+02 9.6119246e-25
3.3927498e+02 9.6225212e-25
3.4013596e+02 9.6331721e-25
3.4099912e+02 9.6438774e-25
3.4186447e+02 9.6546372e-25
3.4273202e+02 9.6654517e-25
3.4360177e+02 9.6763210e-25
3.4447372e+02 9.6872453e-25
3.4534789e+02 9.6982246e-25
3.4622428e+02 9.7092591e-25
3.4710289e+02 9.7203489e-25
3.4798373e+02 9.7314941e-25
3.4886681e+02 9.7426949e-25
3.4975212e+02 9.7539514e-25
3.5063969e+02 9.7652637e-25
3.5152950e+02 9.7766319e-25
3.5242158e+02 9.7880562e-25
3.5331591e+02 9.7995367e-25
3.5421252e+02 9.8110736e-25
3.5511140e+02 9.8226669e-25
3.5601257e+02 9.8343168e-25
3.5691602e+02 9.8460234e-25
3.5782176e+02 9.8577868e-25
3.5872980e+02 9.8696073e-25
3.5964015e+02 9.8814848e-25
3.6055281e+02 9.8934195e-25
3.6146778e+02 9.9054117e-25
3.6238507e+02 9.9174613e-25
3.6330470e+02 9.9295685e-25
3.6422665e+02 9.9417335e-25
3.6515095e+02 9.9539563e-25
3.6607759e+02 9.9662372e-25
3.6700658e+02 9.9785762e-25
3.6793793e+02 9.9909735e-25
3.6887165e+02 1.0003429e-24
3.6980773e+02 1.0015943e-24
3.7074619e+02 1.0028516e-24
3.7168703e+02 1.0041148e-24
3.7263026e+02 1.0053839e-24
3.7357588e+02 1.0066588e-24
3.7452390e+02 1.0079397e-24
3.7547433e+02 1.0092265e-24
3.7642716e+02 1.0105193e-24
3.7738242e+02 1.0118180e-24
3.7834010e+02 1.0131227e-24
3.7930021e+02 1.0144334e-24
3.8026276e+02 1.0157501e-24
3.8122775e+02 1.0170728e-24
3.8219519e+02 1.0184015e-24
3.8316508e+02 1.0197363e-24
3.8413744e+02 1.0210771e-24
3.8511226e+02 1.0224240e-24
3.8608956e+02 1.0237769e-24
3.8706934e+02 1.0251360e-24
3.8805160e+02 1.0265011e-24
3.8903636e+02 1.0278724e-24
3.9002361e+02 1.0292498e-24
3.9101337e+02 1.0306333e-24
3.9200564e+02 1.0320231e-24
3.9300043e+02 1.0334189e-24
3.9399775e+02 1.0348210e-24
3.9499759e+02 1.0362293e-24
3.9599998e+02 1.0376438e-24
3.9700490e+02 1.0390645e-24
3.9801238e+02 1.0404914e-24
3.9902241e+02 1.0419247e-24
4.0003501e+02 1.0433641e-24
4.0105018e+02 1.0448099e-24
4.0206792e+02 1.0462620e-24
4.0308824e+02 1.0477203e-24
4.0411116e+02 1.0491850e-24
4.0513667e+02 1.0506561e-24
4.0616478e+02 1.0521334e-24
4.0719550e+02 1.0536172e-24
4.0822884e+02 1.0551073e-24
4.0926480e+02 1.0566038e-24
4.1030339e+02 1.0581068e-24
4.1134461e+02 1.0596161e-24
4.1238848e+02 1.0611319e-24
4.1343499e+02 1.0626541e-24
4.1448417e+02 1.0641828e-24
4.1553600e+02 1.0657180e-24
4.1659050e+02 1.0672596e-24
4.1764768e+02 1.0688078e-24
4.1870754e+02 1.0703625e-24
4.1977010e+02 1.0719237e-24
4.2083534e+02 1.0734914e-24
4.2190329e+02 1.0750658e-24
4.2297396e+02 1.0766466e-24
4.2404733e+02 1.0782341e-24
4.2512344e+02 1.0798282e-24
4.2620227e+02 1.0814289e-24
4.2728384e+02 1.0830363e-24
4.2836815e+02 1.0846502e-24
4.2945522e+02 1.0862709e-24
4.3054505e+02 1.0878982e-24
4.3163764e+02 1.0895322e-24
4.3273300e+02 1.0911729e-24
4.3383115e+02 1.0928203e-24
4.3493208e+02 1.0944745e-24
4.3603580e+02 1.0961354e-24
4.3714233e+02 1.0978030e-24
4.3825166e+02 1.0994775e-24
4.3936381e+02 1.1011587e-24
4.4047878e+02 1.1028467e-24
4.4159658e+02 1.1045416e-24
4.4271722e+02 1.1062433e-24
4.4384070e+02 1.1079518e-24
4.4496703e+02 1.1096672e-24
4.4609622e+02 1.1113895e-24
4.4722827e+02 1.1131186e-24
4.4836320e+02 1.1148547e-24
4.4950101e+02 1.1165977e-24
4.5064171e+02 1.1183476e-24
4.5178530e+02 1.1201045e-24
4.5293179e+02 1.1218683e-24
4.5408119e+02 1.1236391e-24
4.5523351e+02 1.1254169e-24
4.5638875e+02 1.1272017e-24
4.5754693e+02 1.1289936e-24
4.5870804e+02 1.1307925e-24
4.5987210e+02 1.1325984e-24
4.6103912e+02 1.1344114e-24
4.6220909e+02 1.1362315e-24
4.6338204e+02 1.1380587e-24
4.6455796e+02 1.1398930e-24
4.6573686e+02 1.1417344e-24
4.6691876e+02 1.1435830e-24
4.6810366e+02 1.1454387e-24
4.6929156e+02 1.1473016e-24
4.7048248e+02 1.1491717e-24
4.7167642e+02 1.1510490e-24
4.7287339e+02 1.1529335e-24
4.7407340e+02 1.1548253e-24
4.7527645e+02 1.1567243e-24
4.7648256e+02 1.1586306e-24
4.7769172e+02 1.1605441e-24
4.7890396e+02 1.1624650e-24
4.8011927e+02 1.1643931e-24
4.8133767e+02 1.1663286e-24
4.8255915e+02 1.1682714e-24
4.8378374e+02 1.1702216e-24
4.8501144e+02 1.1721792e-24
4.8624225e+02 1.1741441e-24
4.8747618e+02 1.1761165e-24
4.8871325e+02 1.1780963e-24
4.8995345e+02 1.1800835e-24
4.9119680e+02 1.1820782e-24
4.9244331e+02 1.1840803e-24
4.9369298e+02 1.1860899e-24
4.9494582e+02 1.1881070e-24
4.9620184e+02 1.1901316e-24
4.9746105e+02 1.1921638e-24
4.9872345e+02 1.1942035e-24
4.9998906e+02 1.1962508e-24
5.0125788e+02 1.1983056e-24
5.0252992e+02 1.2003680e-24
5.0380518e+02 1.2024381e-24
5.0508369e+02 1.2045157e-24
5.0636544e+02 1.2066011e-24
5.0765044e+02 1.2086940e-24
5.0893870e+02 1.2107947e-24
5.1023023e+02 1.2129030e-24
5.1152504e+02 1.2150190e-24
5.1282313e+02 1.2171428e-24
5.1412452e+02 1.2192743e-24
5.1542921e+02 1.2214136e-24
5.1673721e+02 1.2235606e-24
5.1804853e+02 1.2257154e-24
5.1936318e+02 1.2278780e-24
5.2068116e+02 1.2300484e-24
5.2200249e+02 1.2322267e-24
5.2332717e+02 1.2344128e-24
5.2465522e+02 1.2366068e-24
5.2598663e+02 1.2388087e-24
5.2732142e+02 1.2410185e-24
5.2865960e+02 1.2432362e-24
5.3000118e+02 1.2454619e-24
5.3134616e+02 1.2476955e-24
5.3269456e+02 1.2499370e-24
5.3404637e+02 1.2521866e-24
5.3540162e+02 1.2544441e-24
5.3676030e+02 1.2567097e-24
5.3812243e+02 1.2589833e-24
5.3948802e+02 1.2612650e-24
5.4085708e+02 1.2635547e-24
5.4222961e+02 1.2658525e-24
5.4360562e+02 1.2681584e-24
5.4498513e+02 1.2704725e-24
5.4636813e+02 1.2727947e-24
5.4775465e+02 1.2751250e-24
5.4914468e+02 1.2774635e-24
5.5053824e+02 1.2798102e-24
5.5193534e+02 1.2821651e-24
5.5333598e+02 1.2845283e-24
5.5474018e+02 1.2868997e-24
5.5614794e+02 1.2892793e-24
5.5755927e+02 1.2916672e-24
5.5897419e+02 1.2940634e-24
5.6039269e+02 1.2964679e-24
5.6181480e+02 1.2988808e-24
5.6324051e+02 1.3013020e-24
5.6466984e+02 1.3037316e-24
5.6610280e+02 1.3061695e-24
5.6753940e+02 1.3086158e-24
5.6897964e+02 1.3110706e-24
5.7042353e+02 1.3135338e-24
5.7187109e+02 1.3160055e-24
5.7332233e+02 1.3184856e-24
5.7477724e+02 1.3209742e-24
5.7623585e+02 1.3234713e-24
5.7769816e+02 1.3259769e-24
5.7916418e+02 1.3284911e-24
5.8063392e+02 1.3310139e-24
5.8210739e+02 1.3335452e-24
5.8358460e+02 1.3360851e-24
5.8506556e+02 1.3386337e-24
5.8655028e+02 1.3411908e-24
5.8803877e+02 1.3437567e-24
5.8953103e+02 1.3463312e-24
5.9102708e+02 1.3489143e-24
5.9252692e+02 1.3515062e-24
5.9403057e+02 1.3541069e-24
5.9553804e+02 1.3567162e-24
5.9704933e+02 1.3593343e-24
5.9856446e+02 1.3619612e-24
6.0008344e+02 1.3645970e-24
6.0160626e+02 1.3672415e-24
6.0313296e+02 1.3698948e-24
6.0466352e+02 1.3725571e-24
6.0619797e+02 1.3752282e-24
6.0773632e+02 1.3779081e-24
6.0927857e+02 1.3805971e-24
6.1082473e+02 1.3832949e-24
6.1237481e+02 1.3860017e-24
6.1392883e+02 1.3887174e-24
6.1548680e+02 1.3914422e-24
6.1704871e+02 1.3941759e-24
6.1861459e+02 1.3969187e-24
6.2018445e+02 1.3996705e-24
6.2175829e+02 1.4024314e-24
6.2333612e+02 1.4052014e-24
6.2491795e+02 1.4079805e-24
6.2650380e+02 1.4107687e-24
6.2809368e+02 1.4135661e-24
6.2968759e+02 1.4163726e-24
6.3128554e+02 1.4191883e-24
6.3288755e+02 1.4220132e-24
6.3449363e+02 1.4248474e-24
6.3610378e+02 1.4276907e-24
6.3771801e+02 1.4305434e-24
6.3933635e+02 1.4334053e-24
6.4095879e+02 1.4362765e-24
6.4258534e+02 1.4391571e-24
6.4421603e+02 1.4420469e-24
6.4585085e+02 1.4449462e-24
6.4748982e+02 1.4478548e-24
6.4913295e+02 1.4507729e-24
6.5078025e+02 1.4537003e-24
6.5243173e+02 1.4566372e-24
6.5408741e+02 1.4595836e-24
6.5574728e+02 1.4625395e-24
6.5741136e+02 1.4655048e-24
6.5907967e+02 1.4684797e-24
6.6075222e+02 1.4714641e-24
6.6242900e+02 1.4744581e-24
6.6411004e+02 1.4774617e-24
6.6579535e+02 1.4804749e-24
6.6748494e+02 1.4834977e-24
6.6917881e+02 1.4865302e-24
6.7087698e+02 1.4895724e-24
6.7257946e+02 1.4926242e-24
6.7428626e+02 1.4956857e-24
6.7599739e+02 1.4987570e-24
6.7771287e+02 1.5018381e-24
6.7943269e+02 1.5049289e-24
6.8115688e+02 1.5080295e-24
6.8288545e+02 1.5111399e-24
6.8461841e+02 1.5142602e-24
6.8635576e+02 1.5173903e-24
6.8809752e+02 1.5205304e-24
6.8984370e+02 1.5236803e-24
6.9159431e+02 1.5268401e-24
6.9334937e+02 1.5300099e-24
6.9510887e+02 1.5331897e-24
6.9687285e+02 1.5363795e-24
6.9864130e+02 1.5395793e-24
7.0041423e+02 1.5427891e-24
7.0219167e+02 1.5460089e-24
7.0397362e+02 1.5492389e-24
7.0576009e+02 1.5524789e-24
7.0755109e+02 1.5557291e-24
7.0934664e+02 1.5589895e-24
7.1114674e+02 1.5622599e-24
7.1295141e+02 1.5655406e-24
7.1476067e+02 1.5688315e-24
7.1657451e+02 1.5721327e-24
7.1839296e+02 1.5754441e-24
7.2021602e+02 1.5787657e-24
7.2204370e+02 1.5820977e-24
7.2387603e+02 1.5854400e-24
7.2571301e+02 1.5887927e-24
7.2755464e+02 1.5921557e-24
7.2940095e+02 1.5955292e-24
7.3125195e+02 1.5989130e-24
7.3310764e+02 1.6023073e-24
7.3496805e+02 1.6057121e-24
7.3683317e+02 1.6091273e-24
7.3870303e+02 1.6125531e-24
7.4057763e+02 1.6159894e-24
7.4245699e+02 1.6194362e-24
7.4434112e+02 1.6228937e-24
7.4623002e+02 1.6263617e-24
7.4812373e+02 1.6298404e-24
7.5002224e+02 1.6333297e-24
7.5192556e+02 1.6368298e-24
7.5383372e+02 1.6403405e-24
7.5574672e+02 1.6438619e-24
7.5766457e+02 1.6473942e-24
7.5958729e+02 1.6509371e-24
7.6151489e+02 1.6544909e-24
7.6344738e+02 1.6580556e-24
7.6538478e+02 1.6616311e-24
7.6732709e+02 1.6652174e-24
7.6927433e+02 1.6688147e-24
7.7122651e+02 1.6724230e-24
7.7318365e+02 1.6760422e-24
7.7514575e+02 1.6796724e-24
7.7711284e+02 1.6833137e-24
7.7908491e+02 1.6869661e-24
7.8106199e+02 1.6906296e-24
7.8304409e+02 1.6943043e-24
7.8503121e+02 1.6979903e-24
7.8702338e+02 1.7016876e-24
7.8902060e+02 1.7053965e-24
7.9102290e+02 1.7091172e-24
7.9303027e+02 1.7128502e-24
7.9504274e+02 1.7165961e-24
7.9706031e+02 1.7203569e-24
7.9908301e+02 1.7241369e-24
8.0111084e+02 1.7279505e-24
8.0314381e+02 1.7318692e-24
8.0518194e+02 1.7369693e-24
8.0722525e+02 1.7425631e-24
8.0927374e+02 1.7433497e-24
8.1132743e+02 1.7470029e-24
8.1338633e+02 1.7508000e-24
8.1545045e+02 1.7546362e-24
8.1751981e+02 1.7584932e-24
8.1959443e+02 1.7623656e-24
8.2167431e+02 1.7662515e-24
8.2375947e+02 1.7701501e-24
8.2584992e+02 1.7740609e-24
8.2794567e+02 1.7779838e-24
8.3004674e+02 1.7819186e-24
8.3215315e+02 1.7858652e-24
8.3426490e+02 1.7898237e-24
8.3638200e+02 1.7937940e-24
8.3850448e+02 1.7977762e-24
8.4063235e+02 1.8017702e-24
8.4276562e+02 1.8057761e-24
8.4490430e+02 1.8097938e-24
8.4704841e+02 1.8138235e-24
8.4919796e+02 1.8178650e-24
8.5135296e+02 1.8219185e-24
8.5351343e+02 1.8259840e-24
8.5567939e+02 1.8300615e-24
8.5785084e+02 1.8341510e-24
8.6002780e+02 1.8382525e-24
8.6221029e+02 1.8423661e-24
8.6439832e+02 1.8464918e-24
8.6659190e+02 1.8506297e-24
8.6879104e+02 1.8547796e-24
8.7099577e+02 1.8589418e-24
8.7320609e+02 1.8631162e-24
8.7542201e+02 1.8673028e-24
8.7764357e+02 1.8715017e-24
8.7987076e+02 1.8757128e-24
8.8210360e+02 1.8799363e-24
8.8434211e+02 1.8841721e-24
8.8658630e+02 1.8884204e-24
8.8883618e+02 1.8926810e-24
8.9109178e+02 1.8969540e-24
8.9335309e+02 1.9012396e-24
8.9562015e+02 1.9055376e-24
8.9789296e+02 1.9098481e-24
9.0017154e+02 1.9141712e-24
9.0245590e+02 1.9185068e-24
9.0474605e+02 1.9228551e-24
9.0704202e+02 1.9272160e-24
9.0934382e+02 1.9315896e-24
9.1165145e+02 1.9359759e-24
9.1396494e+02 1.9403749e-24
9.1628431e+02 1.9447867e-24
9.1860955e+02 1.9492112e-24
9.2094070e+02 1.9536486e-24
9.2327777e+02 1.9580988e-24
9.2562077e+02 1.9625619e-24
9.2796971e+02 1.9670379e-24
9.3032461e+02 1.9715269e-24
9.3268549e+02 1.9760288e-24
9.3505236e+02 1.9805437e-24
9.3742523e+02 1.9850717e-24
9.3980413e+02 1.9896127e-24
9.4218907e+02 1.9941668e-24
9.4458005e+02 1.9987340e-24
9.4697711e+02 2.0033144e-24
9.4938025e+02 2.0079079e-24
9.5178948e+02 2.0125147e-24
9.5420483e+02 2.0171347e-24
9.5662631e+02 2.0217680e-24
9.5905394e+02 2.0264146e-24
9.6148772e+02 2.0310746e-24
9.6392768e+02 2.0357479e-24
9.6637384e+02 2.0404347e-24
9.6882620e+02 2.0451349e-24
9.7128478e+02 2.0498485e-24
9.7374960e+02 2.0545756e-24
9.7622068e+02 2.0593163e-24
9.7869803e+02 2.0640706e-24
9.8118167e+02 2.0688384e-24
9.8367160e+02 2.0736199e-24
9.8616786e+02 2.0784151e-24
9.8867045e+02 2.0832239e-24
9.9117940e+02 2.0880465e-24
9.9369470e+02 2.0928828e-24
9.9621640e+02 2.0977329e-24
9.9874449e+02 2.1025969e-24
1.0012790e+03 2.1074747e-24
1.0038199e+03 2.1123664e-24
1.0063673e+03 2.1172721e-24
1.0089212e+03 2.1221917e-24
1.0114815e+03 2.1271253e-24
1.0140483e+03 2.1320729e-24
1.0166217e+03 2.1370346e-24
1.0192016e+03 2.1420104e-24
1.0217880e+03 2.1470003e-24
1.0243810e+03 2.1520044e-24
1.0269805e+03 2.1570227e-24
1.0295867e+03 2.1620552e-24
1.0321995e+03 2.1671020e-24
1.0348189e+03 2.1721631e-24
1.0374449e+03 2.1772385e-24
1.0400776e+03 2.1823283e-24
1.0427170e+03 2.1874326e-24
1.0453631e+03 2.1925512e-24
1.0480159e+03 2.1976844e-24
1.0506755e+03 2.2028320e-24
1.0533418e+03 2.2079942e-24
1.0560148e+03 2.2131710e-24
1.0586947e+03 2.2183624e-24
1.0613813e+03 2.2235684e-24
1.0640748e+03 2.2287892e-24
1.0667751e+03 2.2340246e-24
1.0694822e+03 2.2392749e-24
1.0721962e+03 2.2445399e-24
1.0749172e+03 2.2498198e-24
1.0776450e+03 2.2551145e-24
1.0803797e+03 2.2604241e-24
1.0831214e+03 2.2657487e-24
1.0858700e+03 2.2710883e-24
1.0886256e+03 2.2764429e-24
1.0913882e+03 2.2818125e-24
1.0941578e+03 2.2871973e-24
1.0969344e+03 2.2925971e-24
1.0997181e+03 2.2980121e-24
1.1025089e+03 2.3034424e-24
1.1053067e+03 2.3088878e-24
1.1081116e+03 2.3143486e-24
1.1109237e+03 2.3198247e-24
1.1137429e+03 2.3253161e-24
1.1165692e+03 2.3308229e-24
1.1194027e+03 2.3363451e-24
1.1222434e+03 2.3418828e-24
1.1250913e+03 2.3474361e-24
1.1279465e+03 2.3530048e-24
1.1308088e+03 2.3585892e-24
1.1336785e+03 2.3641891e-24
1.1365554e+03 2.3698048e-24
1.1394397e+03 2.3754361e-24
1.1423312e+03 2.3810831e-24
1.1452301e+03 2.3867460e-24
1.1481363e+03 2.3924246e-24
1.1510499e+03 2.3981192e-24
1.1539710e+03 2.4038296e-24
1.1568994e+03 2.4095559e-24
1.1598352e+03 2.4152982e-24
1.1627785e+03 2.4210566e-24
1.1657293e+03 2.4268310e-24
1.1686876e+03 2.4326215e-24
1.1716534e+03 2.4384281e-24
1.1746267e+03 2.4442509e-24
1.1776075e+03 2.4500899e-24
1.1805959e+03 2.4559452e-24
1.1835919e+03 2.4618168e-24
1.1865955e+03 2.4677047e-24
1.1896067e+03 2.4736090e-24
1.1926256e+03 2.4795297e-24
1.1956521e+03 2.4854669e-24
1.1986863e+03 2.4914205e-24
1.2017282e+03 2.4973908e-24
1.2047778e+03 2.5033776e-24
1.2078351e+03 2.5093810e-24
1.2109003e+03 2.5154011e-24
1.2139732e+03 2.5214380e-24
1.2170538e+03 2.5274916e-24
1.2201424e+03 2.5335619e-24
1.2232387e+03 2.5396492e-24
1.2263429e+03 2.5457533e-24
1.2294550e+03 2.5518743e-24
1.2325750e+03 2.5580123e-24
1.2357029e+03 2.5641673e-24
1.2388387e+03 2.5703394e-24
1.2419825e+03 2.5765285e-24
1.2451343e+03 2.5827348e-24
1.2482940e+03 2.5889583e-24
1.2514618e+03 2.5951991e-24
1.2546377e+03 2.6014570e-24
1.2578215e+03 2.6077324e-24
1.2610135e+03 2.6140250e-24
1.2642136e+03 2.6203351e-24
1.2674218e+03 2.6266626e-24
1.2706381e+03 2.6330076e-24
1.2738626e+03 2.6393702e-24
1.2770952e+03 2.6457504e-24
1.2803361e+03 2.6521481e-24
1.2835852e+03 2.6585636e-24
1.2868426e+03 2.6649967e-24
1.2901082e+03 2.6714477e-24
1.2933821e+03 2.6779164e-24
1.2966643e+03 2.6844030e-24
1.2999548e+03 2.6909075e-24
1.3032537e+03 2.6974299e-24
1.3065610e+03 2.7039704e-24
1.3098766e+03 2.7105289e-24
1.3132007e+03 2.7171054e-24
1.3165332e+03 2.7237001e-24
1.3198741e+03 2.7303130e-24
1.3232236e+03 2.7369441e-24
1.3265815e+03 2.7435935e-24
1.3299480e+03 2.7502612e-24
1.3333230e+03 2.7569473e-24
1.3367065e+03 2.7636518e-24
1.3400987e+03 2.7703748e-24
1.3434995e+03 2.7771162e-24
1.3469088e+03 2.7838762e-24
1.3503269e+03 2.7906549e-24
1.3537536e+03 2.7974522e-24
1.3571890e+03 2.8042682e-24
1.3606331e+03 2.8111029e-24
1.3640860e+03 2.8179565e-24
1.3675476e+03 2.8248289e-24
1.3710181e+03 2.8317202e-24
1.3744973e+03 2.8386305e-24
1.3779853e+03 2.8455597e-24
1.3814822e+03 2.8525080e-24
1.3849880e+03 2.8594754e-24
1.3885027e+03 2.8664620e-24
1.3920263e+03 2.8734677e-24
1.3955588e+03 2.8804927e-24
1.3991003e+03 2.8875370e-24
1.4026508e+03 2.8946007e-24
1.4062103e+03 2.9016837e-24
1.4097788e+03 2.9087862e-24
1.4133564e+03 2.9159082e-24
1.4169431e+03 2.9230498e-24
1.4205389e+03 2.9302110e-24
1.4241438e+03 2.9373918e-24
1.4277578e+03 2.9445923e-24
1.4313810e+03 2.9518126e-24
1.4350134e+03 2.9590527e-24
1.4386550e+03 2.9663127e-24
1.4423059e+03 2.9735926e-24
1.4459660e+03 2.9808924e-24
1.4496354e+03 2.9882123e-24
1.4533142e+03 2.9955522e-24
1.4570022e+03 3.0029123e-24
1.4606997e+03 3.0102926e-24
1.4644065e+03 3.0176931e-24
1.4681227e+03 3.0251139e-24
1.4718483e+03 3.0325550e-24
1.4755834e+03 3.0400165e-24
1.4793280e+03 3.0474985e-24
1.4830821e+03 3.0550010e-24
1.4868457e+03 3.0625240e-24
1.4906189e+03 3.0700677e-24
1.4944016e+03 3.0776320e-24
1.4981939e+03 3.0852171e-24
1.5019959e+03 3.0928229e-24
1.5058075e+03 3.1004496e-24
1.5096288e+03 3.1080971e-24
1.5134597e+03 3.1157656e-24
1.5173004e+03 3.1234551e-24
1.5211509e+03 3.1311657e-24
1.5250111e+03 3.1388974e-24
1.5288811e+03 3.1466503e-24
1.5327609e+03 3.1544243e-24
1.5366506e+03 3.1622197e-24
1.5405502e+03 3.1700364e-24
1.5444596e+03 3.1778746e-24
1.5483790e+03 3.1857341e-24
1.5523083e+03 3.1936152e-24
1.5562476e+03 3.2015179e-24
1.5601969e+03 3.2094422e-24
1.5641562e+03 3.2173882e-24
1.5681255e+03 3.2253559e-24
1.5721049e+03 3.2333455e-24
1.5760944e+03 3.2413569e-24
1.5800941e+03 3.2493903e-24
1.5841039e+03 3.2574456e-24
1.5881239e+03 3.2655231e-24
1.5921540e+03 3.2736227e-24
1.5961944e+03 3.2817445e-24
1.6002451e+03 3.2898888e-24
1.6043060e+03 3.2980562e-24
1.6083772e+03 3.3062508e-24
1.6124588e+03 3.3158648e-24
1.6165507e+03 3.3226981e-24
1.6206531e+03 3.3309451e-24
1.6247658e+03 3.3392220e-24
1.6288889e+03 3.3475227e-24
1.6330225e+03 3.3558463e-24
1.6371667e+03 3.3641927e-24
1.6413213e+03 3.3725621e-24
1.6454865e+03 3.3809544e-24
1.6496622e+03 3.3893697e-24
1.6538485e+03 3.3978080e-24
1.6580455e+03 3.4062694e-24
1.6622531e+03 3.4147539e-24
1.6664714e+03 3.4232617e-24
1.6707004e+03 3.4317927e-24
1.6749401e+03 3.4403471e-24
1.6791906e+03 3.4489249e-24
1.6834519e+03 3.4575262e-24
1.6877240e+03 3.4661510e-24
1.6920069e+03 3.4747994e-24
1.6963007e+03 3.4834715e-24
1.7006054e+03 3.4921673e-24
1.7049210e+03 3.5008869e-24
1.7092475e+03 3.5096303e-24
1.7135851e+03 3.5183977e-24
1.7179336e+03 3.5271891e-24
1.7222932e+03 3.5360045e-24
1.7266639e+03 3.5448441e-24
1.7310456e+03 3.5537079e-24
1.7354385e+03 3.5625959e-24
1.7398425e+03 3.5715082e-24
1.7442577e+03 3.5804450e-24
1.7486841e+03 3.5894062e-24
1.7531217e+03 3.5983919e-24
1.7575706e+03 3.6074022e-24
1.7620308e+03 3.6164372e-24
1.7665023e+03 3.6254970e-24
1.7709851e+03 3.6345815e-24
1.7754793e+03 3.6436909e-24
1.7799849e+03 3.6528253e-24
1.7845020e+03 3.6619847e-24
1.7890305e+03 3.6711691e-24
1.7935705e+03 3.6803788e-24
1.7981221e+03 3.6896136e-24
1.8026851e+03 3.6988737e-24
1.8072598e+03 3.7081592e-24
1.8118461e+03 3.7174702e-24
1.8164440e+03 3.7268066e-24
1.8210536e+03 3.7361686e-24
1.8256748e+03 3.7455563e-24
1.8303078e+03 3.7549697e-24
1.8349526e+03 3.7644089e-24
1.8396092e+03 3.7738740e-24
1.8442775e+03 3.7833650e-24
1.8489577e+03 3.7928821e-24
1.8536498e+03 3.8024252e-24
1.8583538e+03 3.8119945e-24
1.8630697e+03 3.8215900e-24
1.8677976e+03 3.8312118e-24
1.8725375e+03 3.8408600e-24
1.8772895e+03 3.8505347e-24
1.8820535e+03 3.8602359e-24
1.8868295e+03 3.8699638e-24
1.8916177e+03 3.8797183e-24
1.8964181e+03 3.8894996e-24
1.9012306e+03 3.8993077e-24
1.9060553e+03 3.9091427e-24
1.9108923e+03 3.9190048e-24
1.9157416e+03 3.9288939e-24
1.9206032e+03 3.9388101e-24
1.9254771e+03 3.9487536e-24
1.9303633e+03 3.9587244e-24
1.9352620e+03 3.9687225e-24
1.9401731e+03 3.9787481e-24
1.9450967e+03 3.9888013e-24
1.9500327e+03 3.9988821e-24
1.9549813e+03 4.0089905e-24
1.9599424e+03 4.0191268e-24
1.9649162e+03 4.0292909e-24
1.9699025e+03 4.0394829e-24
1.9749015e+03 4.0497029e-24
1.9799132e+03 4.0599511e-24
1.9849377e+03 4.0702274e-24
1.9899748e+03 4.0805320e-24
1.9950248e+03 4.0908649e-24
2.0000875e+03 4.1012263e-24
2.0051631e+03 4.1116161e-24
2.0102516e+03 4.1220345e-24
2.0153530e+03 4.1324816e-24
2.0204674e+03 4.1429575e-24
2.0255947e+03 4.1534622e-24
2.0307350e+03 4.1639958e-24
2.0358884e+03 4.1745584e-24
2.0410549e+03 4.1851502e-24
2.0462345e+03 4.1957710e-24
2.0514272e+03 4.2064212e-24
2.0566331e+03 4.2171007e-24
2.0618522e+03 4.2278096e-24
2.0670845e+03 4.2385480e-24
2.0723301e+03 4.2493161e-24
2.0775891e+03 4.2601138e-24
2.0828614e+03 4.2709413e-24
2.0881470e+03 4.2817987e-24
2.0934461e+03 4.2926860e-24
2.0987586e+03 4.3036033e-24
2.1040846e+03 4.3145508e-24
2.1094242e+03 4.3255285e-24
2.1147772e+03 4.3365365e-24
2.1201439e+03 4.3475749e-24
2.1255242e+03 4.3586437e-24
2.1309181e+03 4.3697432e-24
2.1363257e+03 4.3808733e-24
2.1417470e+03 4.3920341e-24
2.1471821e+03 4.4032258e-24
2.1526310e+03 4.4144485e-24
2.1580938e+03 4.4257021e-24
2.1635703e+03 4.4369869e-24
2.1690608e+03 4.4483029e-24
2.1745652e+03 4.4596502e-24
2.1800836e+03 4.4710289e-24
2.1856160e+03 4.4824391e-24
2.1911624e+03 4.4938808e-24
2.1967229e+03 4.5053543e-24
2.2022975e+03 4.5168595e-24
2.2078863e+03 4.5283966e-24
2.2134892e+03 4.5399656e-24
2.2191064e+03 4.5515667e-24
2.2247378e+03 4.5632000e-24
2.2303835e+03 4.5748655e-24
2.2360435e+03 4.5865633e-24
2.2417179e+03 4.5982936e-24
2.2474067e+03 4.6100564e-24
2.2531099e+03 4.6218519e-24
2.2588276e+03 4.6336801e-24
2.2645598e+03 4.6455412e-24
2.2703066e+03 4.6574351e-24
2.2760679e+03 4.6693621e-24
2.2818439e+03 4.6813223e-24
2.2876345e+03 4.6933156e-24
2.2934398e+03 4.7053423e-24
2.2992599e+03 4.7174025e-24
2.3050947e+03 4.7294961e-24
2.3109443e+03 4.7416235e-24
2.3168088e+03 4.7537845e-24
2.3226882e+03 4.7659794e-24
2.3285824e+03 4.7782082e-24
2.3344917e+03 4.7904711e-24
2.3404159e+03 4.8027681e-24
2.3463551e+03 4.8150994e-24
2.3523095e+03 4.8274650e-24
2.3582789e+03 4.8398651e-24
2.3642635e+03 4.8522998e-24
2.3702633e+03 4.8647691e-24
2.3762783e+03 4.8772733e-24
2.3823085e+03 4.8898123e-24
2.3883541e+03 4.9023863e-24
2.3944150e+03 4.9149954e-24
2.4004913e+03 4.9276397e-24
2.4065830e+03 4.9403195e-24
2.4126902e+03 4.9530352e-24
2.4188129e+03 4.9660259e-24
2.4249511e+03 4.9785722e-24
2.4311048e+03 4.9913933e-24
2.4372742e+03 5.0042510e-24
2.4434593e+03 5.0171448e-24
2.4496600e+03 5.0300747e-24
2.4558765e+03 5.0430407e-24
2.4621088e+03 5.0560431e-24
2.4683569e+03 5.0690820e-24
2.4746208e+03 5.0821573e-24
2.4809006e+03 5.0952693e-24
2.4871964e+03 5.1084181e-24
2.4935081e+03 5.1216037e-24
2.4998359e+03 5.1348263e-24
2.5061797e+03 5.1480861e-24
2.5125396e+03 5.1613830e-24
2.5189157e+03 5.1747173e-24
2.5253079e+03 5.1880891e-24
2.5317164e+03 5.2014984e-24
2.5381411e+03 5.2149454e-24
2.5445821e+03 5.2284302e-24
2.5510395e+03 5.2419530e-24
2.5575133e+03 5.2555138e-24
2.5640034e+03 5.2691127e-24
2.5705101e+03 5.2827499e-24
2.5770333e+03 5.2964256e-24
2.5835730e+03 5.3101398e-24
2.5901293e+03 5.3238926e-24
2.5967023e+03 5.3376841e-24
2.6032919e+03 5.3515146e-24
2.6098982e+03 5.3653841e-24
2.6165214e+03 5.3792927e-24
2.6231613e+03 5.3932406e-24
2.6298181e+03 5.4072279e-24
2.6364917e+03 5.4212547e-24
2.6431824e+03 5.4353211e-24
2.6498899e+03 5.4494273e-24
2.6566146e+03 5.4635733e-24
2.6633562e+03 5.4777594e-24
2.6701150e+03 5.4919857e-24
2.6768909e+03 5.5062522e-24
2.6836841e+03 5.5205591e-24
2.6904944e+03 5.5349065e-24
2.6973221e+03 5.5492946e-24
2.7041671e+03 5.5637235e-24
2.7110294e+03 5.5781933e-24
2.7179092e+03 5.5927042e-24
2.7248064e+03 5.6072562e-24
2.7317211e+03 5.6218496e-24
2.7386534e+03 5.6364844e-24
2.7456032e+03 5.6511608e-24
2.7525707e+03 5.6658789e-24
2.7595559e+03 5.6806389e-24
2.7665588e+03 5.6954408e-24
2.7735795e+03 5.7102849e-24
2.7806180e+03 5.7251712e-24
2.7876744e+03 5.7401000e-24
2.7947486e+03 5.7550712e-24
2.8018408e+03 5.7700852e-24
2.8089511e+03 5.7851419e-24
2.8160793e+03 5.8002416e-24
2.8232257e+03 5.8153844e-24
2.8303901e+03 5.8305704e-24
2.8375728e+03 5.8457998e-24
2.8447737e+03 5.8610727e-24
2.8519929e+03 5.8763893e-24
2.8592303e+03 5.8917497e-24
2.8664862e+03 5.9071540e-24
2.8737605e+03 5.9226024e-24
2.8810532e+03 5.9380950e-24
2.8883644e+03 5.9536320e-24
2.8956942e+03 5.9692135e-24
2.9030426e+03 5.9848397e-24
2.9104096e+03 6.0005107e-24
2.9177953e+03 6.0162267e-24
2.9251998e+03 6.0319878e-24
2.9326231e+03 6.0477941e-24
2.9400652e+03 6.0636459e-24
2.9475261e+03 6.0795432e-24
2.9550061e+03 6.0954863e-24
2.9625050e+03 6.1114752e-24
2.9700229e+03 6.1275101e-24
2.9775599e+03 6.1435912e-24
2.9851160e+03 6.1597186e-24
2.9926913e+03 6.1758925e-24
3.0002859e+03 6.1921131e-24
3.0078997e+03 6.2083804e-24
3.0155328e+03 6.2246947e-24
3.0231853e+03 6.2410561e-24
3.0308572e+03 6.2574647e-24
3.0385486e+03 6.2739208e-24
3.0462595e+03 6.2904244e-24
3.0539900e+03 6.3069758e-24
3.0617401e+03 6.3235751e-24
3.0695098e+03 6.3402224e-24
3.0772993e+03 6.3569180e-24
3.0851086e+03 6.3736619e-24
3.0929376e+03 6.3904544e-24
3.1007865e+03 6.4072957e-24
3.1086554e+03 6.4241858e-24
3.1165442e+03 6.4411249e-24
3.1244530e+03 6.4581133e-24
3.1323819e+03 6.4751510e-24
3.1403310e+03 6.4922383e-24
3.1483002e+03 6.5093753e-24
3.1562896e+03 6.5265621e-24
3.1642993e+03 6.5437991e-24
3.1723293e+03 6.5610862e-24
3.1803797e+03 6.5784238e-24
3.1884505e+03 6.5958119e-24
3.1965418e+03 6.6132508e-24
3.2046537e+03 6.6307406e-24
3.2127861e+03 6.6482815e-24
3.2209392e+03 6.6658741e-24
3.2291129e+03 6.6835181e-24
3.2373074e+03 6.7012125e-24
3.2455227e+03 6.7189594e-24
3.2537589e+03 6.7367584e-24
3.2620159e+03 6.7546095e-24
3.2702939e+03 6.7725130e-24
3.2785929e+03 6.7904690e-24
3.2869130e+03 6.8084777e-24
3.2952542e+03 6.8265393e-24
3.3036165e+03 6.8446539e-24
3.3120001e+03 6.8628218e-24
3.3204049e+03 6.8810431e-24
3.3288311e+03 6.8993181e-24
3.3372786e+03 6.9176468e-24
3.3457476e+03 6.9360296e-24
3.3542381e+03 6.9544666e-24
3.3627501e+03 6.9729579e-24
3.3712838e+03 6.9915038e-24
3.3798390e+03 7.0101044e-24
3.3884160e+03 7.0287600e-24
3.3970148e+03 7.0474708e-24
3.4056354e+03 7.0662369e-24
3.4142778e+03 7.0850585e-24
3.4229422e+03 7.1039358e-24
3.4316286e+03 7.1228691e-24
3.4403370e+03 7.1418585e-24
3.4490676e+03 7.1609042e-24
3.4578202e+03 7.1800064e-24
3.4665951e+03 7.1991654e-24
3.4753923e+03 7.2183812e-24
3.4842118e+03 7.2376542e-24
3.4930536e+03 7.2569845e-24
3.5019179e+03 7.2763724e-24
3.5108047e+03 7.2958180e-24
3.5197141e+03 7.3153215e-24
3.5286460e+03 7.3348832e-24
3.5376006e+03 7.3545032e-24
3.5465780e+03 7.3741818e-24
3.5555781e+03 7.3939192e-24
3.5646011e+03 7.4137156e-24
3.5736469e+03 7.4335712e-24
3.5827158e+03 7.4534861e-24
3.5918076e+03 7.4734607e-24
3.6009225e+03 7.4934952e-24
3.6100605e+03 7.5135897e-24
3.6192218e+03 7.5337445e-24
3.6284062e+03 7.5539597e-24
3.6376140e+03 7.5742357e-24
3.6468452e+03 7.5945726e-24
3.6560998e+03 7.6149707e-24
3.6653778e+03 7.6354301e-24
3.6746794e+03 7.6559511e-24
3.6840046e+03 7.6765340e-24
3.6933535e+03 7.6971789e-24
3.7027261e+03 7.7178860e-24
3.7121225e+03 7.7386557e-24
3.7215427e+03 7.7594881e-24
3.7309869e+03 7.7803834e-24
3.7404550e+03 7.8013420e-24
3.7499471e+03 7.8223639e-24
3.7594633e+03 7.8434495e-24
3.7690037e+03 7.8645990e-24
3.7785682e+03 7.8858127e-24
3.7881571e+03 7.9070906e-24
3.7977703e+03 7.9284332e-24
3.8074078e+03 7.9498406e-24
3.8170699e+03 7.9713131e-24
3.8267564e+03 7.9928509e-24
3.8364676e+03 8.0144542e-24
3.8462033e+03 8.0361234e-24
3.8559638e+03 8.0578586e-24
3.8657491e+03 8.0796601e-24
3.8755592e+03 8.1015281e-24
3.8853942e+03 8.1234629e-24
3.8952541e+03 8.1454647e-24
3.9051391e+03 8.1675339e-24
3.9150491e+03 8.1896705e-24
3.9249843e+03 8.2118750e-24
3.9349447e+03 8.2341474e-24
3.9449304e+03 8.2564882e-24
3.9549414e+03 8.2788976e-24
3.9649778e+03 8.3013757e-24
3.9750397e+03 8.3239229e-24
3.9851272e+03 8.3465395e-24
3.9952402e+03 8.3692256e-24
4.0053789e+03 8.3919816e-24
4.0155433e+03 8.4148077e-24
4.0257335e+03 8.4377043e-24
4.0359496e+03 8.4606717e-24
4.0461916e+03 8.4837094e-24
4.0564596e+03 8.5068187e-24
4.0667537e+03 8.5299994e-24
4.0770738e+03 8.5532518e-24
4.0874202e+03 8.5765763e-24
4.0977928e+03 8.5999730e-24
4.1081918e+03 8.6234423e-24
4.1186171e+03 8.6469844e-24
4.1290689e+03 8.6705996e-24
4.1395472e+03 8.6942882e-24
4.1500521e+03 8.7180505e-24
4.1605837e+03 8.7418867e-24
4.1711419e+03 8.7657972e-24
4.1817270e+03 8.7897822e-24
4.1923390e+03 8.8138420e-24
4.2029778e+03 8.8379769e-24
4.2136437e+03 8.8621872e-24
4.2243366e+03 8.8864732e-24
4.2350567e+03 8.9108352e-24
4.2458040e+03 8.9352734e-24
4.2565785e+03 8.9597882e-24
4.2673804e+03 8.9843799e-24
4.2782097e+03 9.0090487e-24
4.2890665e+03 9.0337950e-24
4.2999509e+03 9.0586190e-24
4.3108628e+03 9.0835211e-24
4.3218025e+03 9.1085016e-24
4.3327699e+03 9.1335607e-24
4.3437651e+03 9.1586989e-24
4.3547883e+03 9.1839163e-24
4.3658394e+03 9.2092134e-24
4.3769185e+03 9.2345903e-24
4.3880258e+03 9.2600475e-24
4.3991613e+03 9.2855853e-24
4.4103250e+03 9.3112039e-24
4.4215171e+03 9.3369037e-24
4.4327375e+03 9.3626850e-24
4.4439864e+03 9.3885481e-24
4.4552639e+03 9.4144934e-24
4.4665700e+03 9.4405211e-24
4.4779048e+03 9.4666317e-24
4.4892683e+03 9.4928254e-24
4.5006607e+03 9.5191025e-24
4.5120820e+03 9.5454635e-24
4.5235323e+03 9.5719085e-24
4.5350116e+03 9.5984381e-24
4.5465201e+03 9.6250524e-24
4.5580578e+03 9.6517519e-24
4.5696247e+03 9.6785369e-24
4.5812210e+03 9.7054077e-24
4.5928468e+03 9.7323646e-24
4.6045020e+03 9.7594081e-24
4.6161868e+03 9.7865384e-24
4.6279013e+03 9.8137560e-24
4.6396455e+03 9.8410611e-24
4.6514195e+03 9.8684541e-24
4.6632234e+03 9.8959354e-24
4.6750572e+03 9.9235053e-24
4.6869211e+03 9.9511642e-24
4.6988150e+03 9.9789124e-24
4.7107392e+03 1.0006750e-23
4.7226936e+03 1.0034678e-23
4.7346784e+03 1.0062697e-23
4.7466935e+03 1.0090806e-23
4.7587392e+03 1.0119007e-23
4.7708154e+03 1.0147299e-23
4.7829223e+03 1.0175683e-23
4.7950598e+03 1.0204159e-23
4.8072282e+03 1.0232728e-23
4.8194275e+03 1.0261390e-23
4.8316577e+03 1.0290145e-23
4.8439190e+03 1.0318994e-23
4.8562114e+03 1.0347938e-23
4.8685350e+03 1.0376976e-23
4.8808898e+03 1.0406108e-23
4.8932760e+03 1.0435337e-23
4.9056936e+03 1.0464661e-23
4.9181428e+03 1.0494081e-23
4.9306235e+03 1.0523598e-23
4.9431359e+03 1.0553212e-23
4.9556801e+03 1.0582923e-23
4.9682561e+03 1.0612732e-23
4.9808640e+03 1.0642639e-23
4.9935039e+03 1.0672645e-23
5.0061759e+03 1.0702749e-23
5.0188800e+03 1.0732953e-23
5.0316164e+03 1.0763257e-23
5.0443851e+03 1.0793661e-23
5.0571862e+03 1.0824166e-23
5.0700198e+03 1.0854772e-23
5.0828860e+03 1.0885479e-23
5.0957848e+03 1.0916288e-23
5.1087163e+03 1.0947200e-23
5.1216807e+03 1.0978214e-23
5.1346779e+03 1.1009332e-23
5.1477082e+03 1.1040553e-23
5.1607715e+03 1.1071878e-23
5.1738679e+03 1.1103308e-23
5.1869976e+03 1.1134843e-23
5.2001606e+03 1.1166483e-23
5.2133570e+03 1.1198229e-23
5.2265870e+03 1.1230081e-23
5.2398504e+03 1.1262040e-23
5.2531476e+03 1.1294107e-23
5.2664784e+03 1.1326280e-23
5.2798431e+03 1.1358563e-23
5.2932418e+03 1.1390953e-23
5.3066744e+03 1.1423453e-23
5.3201411e+03 1.1456062e-23
5.3336420e+03 1.1488781e-23
5.3471771e+03 1.1521611e-23
5.3607466e+03 1.1554551e-23
5.3743506e+03 1.1587603e-23
5.3879890e+03 1.1620767e-23
5.4016621e+03 1.1654043e-23
5.4153699e+03 1.1687432e-23
5.4291124e+03 1.1720934e-23
5.4428898e+03 1.1754550e-23
5.4567022e+03 1.1788281e-23
5.4705497e+03 1.1822126e-23
5.4844322e+03 1.1856086e-23
5.4983500e+03 1.1890162e-23
5.5123032e+03 1.1924355e-23
5.5262917e+03 1.1958664e-23
5.5403157e+03 1.1993091e-23
5.5543754e+03 1.2027635e-23
5.5684707e+03 1.2062298e-23
5.5826017e+03 1.2097079e-23
5.5967687e+03 1.2131980e-23
5.6109715e+03 1.2167001e-23
5.6252105e+03 1.2202142e-23
5.6394855e+03 1.2237404e-23
5.6537968e+03 1.2272788e-23
5.6681444e+03 1.2308293e-23
5.6825284e+03 1.2343921e-23
5.6969489e+03 1.2379672e-23
5.7114061e+03 1.2415547e-23
5.7258999e+03 1.2451546e-23
5.7404304e+03 1.2487669e-23
5.7549979e+03 1.2523918e-23
5.7696023e+03 1.2560293e-23
5.7842438e+03 1.2596793e-23
5.7989224e+03 1.2633421e-23
5.8136383e+03 1.2670176e-23
5.8283916e+03 1.2707059e-23
5.8431822e+03 1.2744071e-23
5.8580104e+03 1.2781212e-23
5.8728763e+03 1.2818483e-23
5.8877798e+03 1.2855883e-23
5.9027212e+03 1.2893415e-23
5.9177005e+03 1.2931079e-23
5.9327178e+03 1.2968874e-23
5.9477732e+03 1.3006802e-23
5.9628669e+03 1.3044863e-23
5.9779988e+03 1.3083058e-23
5.9931691e+03 1.3121387e-23
6.0083779e+03 1.3159852e-23
6.0236254e+03 1.3198452e-23
6.0389115e+03 1.3237188e-23
6.0542364e+03 1.3276061e-23
6.0696002e+03 1.3315072e-23
6.0850030e+03 1.3354221e-23
6.1004448e+03 1.3393508e-23
6.1159259e+03 1.3432935e-23
6.1314462e+03 1.3472501e-23
6.1470060e+03 1.3512209e-23
6.1626052e+03 1.3552057e-23
6.1782440e+03 1.3592048e-23
6.1939225e+03 1.3632180e-23
6.2096408e+03 1.3672456e-23
6.2253989e+03 1.3712876e-23
6.2411971e+03 1.3753440e-23
6.2570353e+03 1.3794150e-23
6.2729138e+03 1.3835005e-23
6.2888325e+03 1.3876006e-23
6.3047916e+03 1.3917155e-23
6.3207912e+03 1.3958451e-23
6.3368315e+03 1.3999896e-23
6.3529124e+03 1.4041490e-23
6.3690342e+03 1.4083233e-23
6.3851968e+03 1.4125127e-23
6.4014005e+03 1.4167173e-23
6.4176453e+03 1.4209370e-23
6.4339313e+03 1.4251720e-23
6.4502586e+03 1.4294224e-23
6.4666274e+03 1.4336880e-23
6.4830377e+03 1.4379691e-23
6.4994897e+03 1.4422658e-23
6.5159834e+03 1.4465781e-23
6.5325190e+03 1.4509061e-23
6.5490965e+03 1.4552498e-23
6.5657161e+03 1.4596094e-23
6.5823779e+03 1.4639849e-23
6.5990819e+03 1.4683763e-23
6.6158284e+03 1.4727838e-23
6.6326173e+03 1.4772074e-23
6.6494489e+03 1.4816472e-23
6.6663232e+03 1.4861032e-23
6.6832402e+03 1.4905757e-23
6.7002003e+03 1.4950645e-23
6.7172033e+03 1.4995698e-23
6.7342495e+03 1.5040917e-23
6.7513390e+03 1.5086303e-23
6.7684718e+03 1.5131856e-23
6.7856481e+03 1.5177577e-23
6.8028680e+03 1.5223467e-23
6.8201316e+03 1.5269526e-23
6.8374390e+03 1.5315756e-23
6.8547903e+03 1.5362157e-23
6.8721857e+03 1.5408731e-23
6.8896252e+03 1.5455477e-23
6.9071089e+03 1.5502396e-23
6.9246371e+03 1.5549491e-23
6.9422097e+03 1.5596760e-23
6.9598269e+03 1.5644206e-23
6.9774888e+03 1.5691829e-23
6.9951955e+03 1.5739629e-23
7.0129472e+03 1.5787608e-23
7.0307439e+03 1.5835766e-23
7.0485857e+03 1.5884105e-23
7.0664729e+03 1.5932625e-23
7.0844054e+03 1.5981327e-23
7.1023835e+03 1.6030212e-23
7.1204072e+03 1.6079280e-23
7.1384766e+03 1.6128534e-23
7.1565918e+03 1.6177972e-23
7.1747531e+03 1.6227597e-23
7.1929604e+03 1.6277410e-23
7.2112139e+03 1.6327410e-23
7.2295138e+03 1.6377600e-23
7.2478601e+03 1.6427979e-23
7.2662529e+03 1.6478557e-23
7.2846924e+03 1.6529326e-23
7.3031788e+03 1.6580288e-23
7.3217120e+03 1.6631444e-23
7.3402922e+03 1.6682794e-23
7.3589197e+03 1.6734340e-23
7.3775943e+03 1.6786081e-23
7.3963164e+03 1.6838020e-23
7.4150860e+03 1.6890158e-23
7.4339032e+03 1.6942494e-23
7.4527682e+03 1.6995031e-23
7.4716810e+03 1.7047769e-23
7.4906419e+03 1.7100708e-23
7.5096508e+03 1.7153851e-23
7.5287080e+03 1.7207198e-23
7.5478136e+03 1.7260750e-23
7.5669676e+03 1.7314508e-23
7.5861702e+03 1.7368473e-23
7.6054216e+03 1.7422646e-23
7.6247218e+03 1.7477027e-23
7.6440710e+03 1.7531619e-23
7.6634694e+03 1.7586422e-23
7.6829169e+03 1.7641437e-23
7.7024138e+03 1.7696665e-23
7.7219601e+03 1.7752106e-23
7.7415561e+03 1.7807763e-23
7.7612018e+03 1.7863637e-23
7.7808974e+03 1.7919727e-23
7.8006429e+03 1.7976036e-23
7.8204385e+03 1.8032564e-23
7.8402844e+03 1.8089312e-23
7.8601807e+03 1.8146282e-23
7.8801274e+03 1.8203474e-23
7.9001247e+03 1.8260890e-23
7.9201728e+03 1.8318531e-23
7.9402718e+03 1.8376397e-23
7.9604218e+03 1.8434491e-23
7.9806229e+03 1.8492812e-23
8.0008753e+03 1.8551363e-23
8.0211790e+03 1.8610144e-23
8.0415343e+03 1.8669156e-23
8.0619413e+03 1.8728401e-23
8.0824000e+03 1.8787879e-23
8.1029107e+03 1.8847592e-23
8.1234734e+03 1.8907541e-23
8.1440882e+03 1.8967727e-23
8.1647554e+03 1.9028152e-23
8.1854751e+03 1.9088815e-23
8.2062473e+03 1.9149720e-23
8.2270723e+03 1.9210866e-23
8.2479500e+03 1.9272255e-23
8.2688808e+03 1.9333889e-23
8.2898647e+03 1.9395768e-23
8.3109018e+03 1.9457893e-23
8.3319924e+03 1.9520266e-23
8.3531364e+03 1.9582888e-23
8.3743341e+03 1.9645761e-23
8.3955856e+03 1.9708885e-23
8.4168910e+03 1.9772261e-23
8.4382505e+03 1.9835892e-23
8.4596642e+03 1.9899778e-23
8.4811322e+03 1.9963920e-23
8.5026548e+03 2.0028320e-23
8.5242319e+03 2.0092979e-23
8.5458638e+03 2.0157899e-23
8.5675506e+03 2.0223080e-23
8.5892924e+03 2.0288524e-23
8.6110894e+03 2.0354232e-23
8.6329417e+03 2.0420206e-23
8.6548494e+03 2.0486447e-23
8.6768128e+03 2.0552956e-23
8.6988319e+03 2.0619734e-23
8.7209068e+03 2.0686783e-23
8.7430378e+03 2.0754104e-23
8.7652250e+03 2.0821699e-23
8.7874684e+03 2.0889569e-23
8.8097683e+03 2.0957716e-23
8.8321248e+03 2.1026139e-23
8.8545381e+03 2.1094842e-23
8.8770082e+03 2.1163826e-23
8.8995353e+03 2.1233091e-23
8.9221196e+03 2.1302639e-23
8.9447612e+03 2.1372472e-23
8.9674602e+03 2.1442592e-23
8.9902169e+03 2.1512998e-23
9.0130313e+03 2.1583694e-23
9.0359036e+03 2.1654680e-23
9.0588340e+03 2.1725958e-23
9.0818225e+03 2.1797530e-23
9.1048694e+03 2.1869396e-23
9.1279748e+03 2.1941558e-23
9.1511388e+03 2.2014018e-23
9.1743616e+03 2.2086778e-23
9.1976433e+03 2.2159838e-23
9.2209841e+03 2.2233201e-23
9.2443841e+03 2.2306867e-23
9.2678435e+03 2.2380839e-23
9.2913625e+03 2.2455117e-23
9.3149411e+03 2.2529704e-23
9.3385796e+03 2.2604601e-23
9.3622780e+03 2.2679810e-23
9.3860366e+03 2.2755331e-23
9.4098555e+03 2.2831167e-23
9.4337348e+03 2.2907320e-23
9.4576748e+03 2.2983790e-23
9.4816754e+03 2.3060580e-23
9.5057370e+03 2.3137691e-23
9.5298597e+03 2.3215125e-23
9.5540435e+03 2.3292883e-23
9.5782888e+03 2.3370967e-23
9.6025955e+03 2.3449378e-23
9.6269640e+03 2.3528119e-23
9.6513943e+03 2.3607191e-23
9.6758865e+03 2.3686595e-23
9.7004410e+03 2.3766334e-23
9.7250577e+03 2.3846408e-23
9.7497369e+03 2.3926821e-23
9.7744788e+03 2.4007573e-23
9.7992834e+03 2.4088666e-23
9.8241510e+03 2.4170101e-23
9.8490817e+03 2.4251882e-23
9.8740756e+03 2.4334009e-23
9.8991330e+03 2.4416484e-23
9.9242540e+03 2.4499308e-23
9.9494387e+03 2.4582485e-23
9.9746873e+03 2.4666015e-23
1.0000000e+04 2.4749900e-23
